0.000000000000000000e+00 0.000000000000000000e+00 1.000000000000000000e+00
8.363331138175164048e-01 0.000000000000000000e+00 5.482216000234733100e-01
-2.667869763282206264e-01 -8.934861980461219488e-01 3.612576963370212613e-01
-3.521691244343788663e-01 -8.075445193743326922e-01 4.731265761121445923e-01
3.224333846660020209e-01 2.308389008930943759e-02 9.463106500886326877e-01
-4.856276840049425503e-01 -5.703440115668211297e-01 6.624752531210968964e-01
1.663476034072514931e-01 8.659505528829848364e-01 4.716546562924155972e-01
3.953194168841916989e-01 1.688334343540385252e-01 9.028941411253941229e-01
-6.681007982244075993e-01 -9.542901171738090230e-03 7.440095808853107728e-01
6.097325585124448999e-01 -7.011489168648042947e-01 3.696165627636017748e-01
-6.550645707937341466e-01 -3.344685774488301844e-01 6.775110174677433372e-01
-1.752283953185260756e-01 -9.551240526322439806e-01 2.388159407523977873e-01
-7.725316463378500975e-01 -7.084769289011048909e-02 6.310114577554669646e-01
4.353556208527096238e-01 8.542911058305978633e-01 2.839932919818461965e-01
5.946983187970433793e-01 3.086598896170738571e-01 7.423361651984538012e-01
8.953395704917863074e-02 -5.214733335500145728e-01 8.485571477109548066e-01
5.522832621295110656e-01 6.692647968799334546e-01 4.970591816160799814e-01
2.983511276599743467e-01 -6.568277910027688904e-01 6.925054928233022045e-01
3.532683724333958164e-01 -4.086312974234624362e-01 8.415592194280075988e-01
9.893420540000433805e-01 -1.328130482193742856e-01 5.969082349619198730e-02
-5.692856988099271875e-01 -6.272864211413003988e-01 5.314372389871000468e-01
-9.722982616724533678e-01 3.448500262689305901e-02 2.311858017754305772e-01
8.924430572195201083e-01 4.436023712395124607e-01 8.223336215525950399e-02
-5.967964521918949217e-01 3.585919612527363465e-01 7.178062412490457955e-01
-1.604963964787024522e-01 -3.402283891945818289e-02 9.864498736120410616e-01
5.002101201738848868e-01 -4.059330339951370270e-01 7.648582924876544675e-01
-5.796541122421298153e-01 7.570250120792957338e-01 3.015198853262096024e-01
7.566771522706365882e-01 6.040237833187517280e-01 2.501898407547788472e-01
-2.899196738102908233e-01 8.565671557813034909e-01 4.268949406756450959e-01
8.183755977350024580e-01 -5.665790243598103348e-01 -9.617478977030725906e-02
9.645285011416533383e-01 7.749263268198608445e-02 2.523482957450878250e-01
-8.813911964811890210e-01 -3.995323305264892322e-01 2.520386391598125608e-01
8.359770368707178934e-01 -5.445854790956707880e-01 6.759474671150908498e-02
-4.199134680810648335e-01 1.447287714908835343e-01 8.959499216065996974e-01
-8.364717490213399165e-01 4.121837711183678477e-01 3.611364727022477461e-01
-5.581391839329982174e-01 -1.045960393990564563e-01 8.231283738886893131e-01
-4.745186049139124007e-01 6.431582877562537215e-01 6.009821215984700871e-01
3.825848814223234973e-01 -8.941682328644875444e-01 2.325768256793143141e-01
-1.312799925558024439e-01 8.709620656345707923e-01 4.734877440653664227e-01
-9.370498329730346798e-01 3.158439548223432314e-01 1.489302075718337559e-01
6.645427983536807970e-01 -1.241120855663794265e-01 7.368711280628540417e-01
-4.779754554007566991e-01 8.525766900597545606e-01 2.113112670947588645e-01
5.819098891555851694e-01 -6.197218967965809622e-01 5.266171774009867912e-01
2.453786829460166685e-01 -9.148619916281101050e-01 3.206506482605736563e-01
-5.644527554397931191e-01 -7.757679518079170222e-01 2.820942605303666806e-01
2.798162421177414691e-02 -7.395822573810520995e-01 6.724842847781785649e-01
1.859381770888877405e-01 -7.589672790894718135e-01 6.240157558687000616e-01
4.556987461581730181e-01 3.138163847366732262e-01 8.329813499837036561e-01
-2.968697313853457809e-01 5.175854693855097555e-02 9.535142449937507036e-01
1.991819219760346260e-01 4.338522667615289374e-01 8.786915116147508975e-01
-6.971563281960572178e-01 -5.353392790018008940e-01 4.768489387783340638e-01
-6.129148042647531991e-01 -7.812717033961384949e-01 1.181099834289874861e-01
-4.151973672657457426e-01 -3.542275653584249784e-01 8.379343519368543935e-01
5.329708144439806450e-01 5.679737422455338747e-01 6.271745682587296367e-01
8.045920865980670245e-01 -4.534620826798204662e-01 3.834106333364378227e-01
-3.552878115052033464e-02 -9.456352661483884425e-01 3.232826149461566767e-01
1.423704672740152000e-01 -6.470274177822690209e-01 7.490568541080093734e-01
2.433922596891855972e-01 5.660936074492480818e-01 7.875901443825263915e-01
-8.575890530359432384e-01 -1.253104480851166547e-01 4.988369550400424401e-01
3.097168745784149579e-01 8.669270057948903485e-01 3.905291592504769871e-01
-5.260331055286794344e-01 -4.250022872752686198e-01 7.366561122387047522e-01
-4.310604938015636933e-01 -1.938521721037360090e-01 8.812537580369320667e-01
8.910699206186878385e-01 -3.555596116123773687e-01 2.820846666493246335e-01
5.874985614432807202e-01 -2.664088426983107216e-01 7.641150233009572634e-01
6.553007884372837877e-01 7.263933320314491793e-01 2.072042563600543508e-01
2.461138402508502854e-01 -9.692099949757231325e-01 -7.743595814452794955e-03
1.030585867615834289e-01 -9.095475650724055283e-01 4.026191184799391976e-01
-5.352348901039124529e-01 7.106179535983687678e-01 4.566680812571854431e-01
5.327671243275697854e-01 -1.262408000427958088e-01 8.367929562563769519e-01
-6.427867990081020944e-01 1.760727038607273753e-01 7.455357362166419311e-01
1.237672495057065697e-01 6.678376844749198682e-01 7.339444768815754916e-01
-5.386680017149033661e-01 5.075388636271878084e-01 6.724887254344832366e-01
-9.976866523822638388e-01 4.891351237379343124e-03 6.780426492002161742e-02
7.695398651672893386e-01 5.091732651701744716e-01 3.854231206794076492e-01
-3.321131384653071561e-01 -9.194825943840850835e-01 2.103630715772992210e-01
4.373984214711298946e-01 7.788965970096586311e-01 4.494471182033957790e-01
-5.512094576719671624e-01 6.760145936826078561e-02 8.316238190818353582e-01
9.950308948363381090e-01 2.765175980698693706e-02 9.564987454656154187e-02
9.739077573359848916e-01 1.875754868797930297e-01 1.277462990563762169e-01
-5.014592975698719535e-01 -7.472391258126221958e-01 4.360874473491743175e-01
-1.635778071918683463e-01 7.046075311297822497e-01 6.904857189468098788e-01
5.529475550610281065e-01 -5.168981335342731631e-01 6.535023495755896139e-01
2.953939298138653080e-01 -2.704972548808310950e-01 9.162825226593902528e-01
1.347676930484264235e-01 -2.615878861494079222e-01 9.557245663528218804e-01
5.033981812851631155e-01 -8.634208010169770464e-01 -3.308763288589891549e-02
-9.692376912619511398e-01 -1.291144239168763586e-01 2.095417938594011653e-01
6.467505788503351560e-01 -3.808463701352394759e-01 6.608099054278534501e-01
4.477739834095973981e-01 -2.709363754226733478e-01 8.521102864385136089e-01
-7.415842071878052666e-01 -3.901320370208561372e-01 5.457562251954544141e-01
2.066498205499825089e-02 4.130683150799149828e-01 9.104655543147729402e-01
5.412982384930437041e-01 1.708548128085517204e-01 8.232890439842392993e-01
-4.244240066780992082e-01 -6.987541716141946191e-01 5.758531672284779024e-01
8.482446396950178436e-01 -3.032009213954163784e-01 4.342237124958054917e-01
3.675143456429739719e-01 9.287095177035996629e-01 -4.931366416485266635e-02
-3.001894630740500891e-01 -1.143591615841377251e-01 9.469996137386152979e-01
-1.128799084836542704e-01 4.987318505467274177e-01 8.593745792790001836e-01
-8.674872378532749728e-01 4.534139270377392505e-01 2.046501965059186190e-01
-6.914760126010957020e-01 -6.854649252465266906e-01 2.280323666808355132e-01
2.102432307453361016e-01 9.744600172083858203e-01 -7.890157658751771608e-02
9.231602055410388363e-01 -1.976526883284118186e-01 3.297099478359404312e-01
-1.328841838880862880e-01 -3.538378942336590782e-01 9.258188474408409752e-01
4.791745686671975424e-01 8.614428645130365325e-01 -1.682495881783347691e-01
7.288260457551676286e-01 -6.299350574911602996e-01 2.683177563496217943e-01
6.248980591943278373e-01 -7.794443938435200447e-01 4.437175363978761167e-02
-1.956259388696147614e-02 -6.249252843649085731e-01 7.804394235825430348e-01
-7.825252819378079872e-02 9.934815579092942661e-01 8.289110884409228719e-02
1.958133430941319253e-01 -4.027735727674867650e-01 8.941088209756202776e-01
6.606094365167833882e-01 5.437836901675798806e-01 5.175852303656930387e-01
-8.416440284571108377e-01 -2.838831163795623169e-01 4.593971110021414228e-01
7.010330638184116836e-01 -5.748932483456022924e-01 4.219601834770818627e-01
6.368351111978928225e-01 6.677141253061386061e-01 -3.854852630285959258e-01
6.068609555819148849e-01 -7.832675776761237607e-01 -1.349506663621290181e-01
4.198881720437160903e-01 6.866931558968168980e-01 5.934192722032682887e-01
-2.911615839635197656e-01 -2.768029334223828797e-01 9.157538250384860135e-01
9.205383976613712438e-01 2.218981595185739730e-01 3.215124651289660851e-01
-4.408569492787829947e-01 8.178283653597210323e-01 3.698674290683772181e-01
3.937312403296386321e-01 5.746291838885648762e-01 7.174796243880702251e-01
-1.563686735808622053e-01 -1.969208959558007566e-01 9.678693086664782452e-01
-3.831276145833782953e-01 -5.042689040985185445e-01 7.739031614504036094e-01
7.757506615146176898e-01 -1.378154983019696522e-01 6.158066251571290284e-01
8.906063541626856317e-01 1.122738628858499788e-01 4.406981979061615484e-01
5.122286785164477108e-01 8.588323539497836334e-01 -5.363647487230021986e-03
-5.186825266666253431e-02 2.741991900567847251e-01 9.602731322584791007e-01
3.427087683054629852e-01 -7.525827312052669749e-01 5.622899010458691782e-01
1.520996957390627347e-01 9.349090429751789610e-01 3.206411762692362721e-01
9.074320224937445500e-01 -4.017194120033837357e-01 1.232421947734133189e-01
-7.546461230563366041e-01 -5.694489048620027249e-01 3.259404450317667790e-01
7.343510853185672982e-01 -6.702320964887811261e-01 1.073192449083353317e-01
-5.661328869635995353e-03 7.445374901930328360e-01 6.675566455758562556e-01
-2.594700556785606294e-01 -7.571175524964922632e-01 5.995400753143079742e-01
-8.230168210155532904e-01 -5.388179232942085228e-01 1.797736294965671944e-01
-6.211752543629804890e-01 -4.855829838993469538e-01 6.151019989517941822e-01
-3.907921281476549602e-01 7.605224841121720480e-01 5.185432129896965225e-01
9.863867866584189459e-01 1.576840408247602021e-01 -4.665672914868986693e-02
-7.199349453158159218e-01 6.917047279449173303e-01 5.690556960228699418e-02
4.021092944263522928e-01 -5.367065767523760966e-01 7.417911874690120699e-01
-8.483631185490947413e-01 3.613040586921600211e-02 5.281804737562533214e-01
-6.705061487205354886e-01 -1.742203592586663574e-01 7.211579375890806443e-01
-4.219476708811679133e-01 -8.453613996614599557e-01 3.276038262908037013e-01
-4.158801814828385485e-02 9.694185317114070166e-01 2.418639020627052771e-01
-5.506345472525174811e-01 -2.683968315203532629e-01 7.904206071465054162e-01
2.289403745887061414e-01 -1.259087938012497798e-01 9.652633218592205910e-01
6.729076081596142567e-01 1.625151615477052336e-01 7.216537765078419042e-01
-5.156596227720441350e-01 2.546951551234944433e-01 8.180620584034026255e-01
-7.013050861325025309e-01 6.776732758716436100e-01 2.212015084353593786e-01
-6.127490147716021518e-01 5.839794946278865639e-01 5.324533733113060441e-01
8.319038578798855221e-01 -5.055946377460118768e-01 2.287138682437998838e-01
-4.570926257010563543e-01 4.083467851954335481e-01 7.901387438610186775e-01
-2.363214518239644124e-01 7.878902388839518212e-01 5.686661084320069337e-01
-7.345673235837441029e-01 5.052479815524291151e-01 4.529186728985802879e-01
3.861636540742990342e-01 -1.279028328532863801e-01 9.135198397517644286e-01
-3.674991592009678176e-01 3.010390655196626963e-01 8.799544584906823230e-01
7.193777963850979118e-01 -4.503864810220311599e-01 5.288171742490139771e-01
1.498481585230110602e-01 7.765801563557168663e-01 6.119385509524568612e-01
-2.463814124379025694e-01 2.093217688436397605e-01 9.462983655767740476e-01
3.045803622462884830e-01 3.084485256977309575e-01 9.011605350484539478e-01
5.972592937092564835e-02 1.541716810197954757e-01 9.862372463724484728e-01
2.279464559759846742e-01 -8.433262059726238657e-01 4.866634602349019234e-01
-7.533727333616889732e-01 9.647375694722702677e-02 6.504785460317847878e-01
-1.857966733639887236e-01 3.601876069120139023e-01 9.141906168813327405e-01
5.370580303486607310e-01 8.289360767507140126e-01 1.563126760667586934e-01
9.003596115376342190e-01 4.264836812198877780e-01 -8.639583071499243316e-02
-9.166874343020074978e-01 9.365420481046422829e-02 3.884752729764436308e-01
-9.163548073616961664e-01 -2.475444182818986316e-01 3.146674879973861971e-01
-9.575384756586025059e-01 2.880192992880769576e-01 -1.284332009275258868e-02
9.532895716627587390e-01 -2.470066244377059350e-01 1.738583332570630968e-01
8.294900054788735266e-01 5.582812284855984686e-01 -1.638294025104957904e-02
6.123588305661572528e-01 2.376415460726410273e-02 7.902227075853049953e-01
4.005880873733773107e-01 9.094664755909807052e-01 1.113549012421975459e-01
6.862146726660500740e-02 9.976298029494764519e-01 5.086304863768772479e-03
7.344885116027825012e-01 1.268220428263225862e-02 6.785026072301143518e-01
7.858249278828315365e-01 1.479507619137507002e-01 6.004912611912710529e-01
-7.659518838732805035e-01 -2.340633349191577062e-01 5.987754728088773293e-01
4.734351405530516643e-03 -1.647060946778446389e-01 9.863313278471600443e-01
2.760312291727403666e-01 6.856203815225697662e-01 6.735959122220324113e-01
8.319715871990092104e-01 2.603410459204886784e-01 4.899447090260159454e-01
3.847675734173784945e-01 -9.205233611649634717e-01 6.775437990315162640e-02
2.378083130150767666e-01 1.674058538528846174e-01 9.567771351556797477e-01
2.935637927693022231e-01 9.263032239740076612e-01 2.361834812815274132e-01
-1.478339237900561931e-01 -6.948063775105352002e-01 7.038389224442787029e-01
6.664916810046821460e-01 6.398719318539469736e-01 3.825607794547826734e-01
-2.162221701818762276e-01 9.614847197241775945e-01 1.696912103167376729e-01
-8.085035674052739596e-01 -4.327352050507900505e-01 3.988260570757585777e-01
1.341281663132573021e-01 2.967354731984856997e-01 9.454933600756347811e-01
6.284319581202028049e-01 -7.489290077841861404e-01 2.101870959707139164e-01
9.471636486909661423e-01 2.823672588110824333e-01 -1.521504313169410039e-01
9.238125034992281659e-01 3.287461056024504336e-01 1.962051386424708832e-01
-4.650945951345158286e-02 6.269871674236789927e-01 7.776399951531545174e-01
5.765556942693385312e-02 -8.374718591379376464e-01 5.434305111659653020e-01
-2.102347311819925679e-01 -5.708425060587551947e-01 7.936877163478059938e-01
-1.259595530445453970e-01 -8.852790833376263935e-01 4.476774906131760212e-01
-9.965283826084921082e-02 -8.027092387505302407e-01 5.879857054819456197e-01
5.005778115203411982e-01 4.476000816405092397e-01 7.409966407001554733e-01
9.810587988559313910e-01 -1.647506019642900332e-01 -1.018865660416584940e-01
7.551200965708804169e-01 4.063242313414178741e-01 5.144844592206748723e-01
-3.328056422266117975e-01 9.026525705312024028e-01 2.728712909331888481e-01
-8.194260952379273100e-01 1.977438518388011934e-01 5.379946500691967781e-01
4.236811233085355753e-03 9.197743572677334889e-01 3.924247458345395678e-01
-2.317754788697842794e-01 5.832795149051160921e-01 7.785018528473357513e-01
-7.912491789233645767e-02 -4.966366436277592222e-01 8.643444287867453335e-01
8.545053744019575070e-01 3.672823491207002355e-01 3.673203522030197843e-01
-9.456722188828793341e-01 1.946946943867852164e-01 2.603805492174250391e-01
-7.772225713607908704e-01 5.535679186029848209e-01 2.991448379311927863e-01
7.175376744676859042e-01 2.948073217101249144e-01 6.310533486050193819e-01
-8.805870828275580431e-01 2.577158020478418909e-01 3.976794625475260636e-01
2.491215925131179953e-01 -9.555375085704735927e-01 1.577545620850946406e-01
-3.907630370709876955e-01 5.506879850014458899e-01 7.375954121563563781e-01
1.622498585061785681e-01 2.353924700273811454e-02 9.864688982756978364e-01
3.696750429954753225e-01 -8.388288973644482116e-01 3.996328859498893826e-01
8.457134581893976932e-02 5.441474578990248556e-01 8.347162580951698052e-01
7.618090423941060729e-01 -2.972766223659010221e-01 5.755637173426558784e-01
9.282742545632536313e-01 -3.407599707927107258e-02 3.703319250862521228e-01
5.584902380099081576e-01 7.574138927957553280e-01 3.382496844752647669e-01
7.514902499441904471e-01 6.530837429126300497e-01 9.350951278906290132e-02
9.723005733194198807e-01 -8.513066357588078281e-02 2.176795011981092487e-01
-4.334682369256914747e-01 -2.667570711519357332e-02 9.007739418002926879e-01
-6.716180820520647465e-01 4.415437558109922556e-01 5.949523204131813570e-01
-1.778348034742083805e-01 9.283176873288963016e-01 3.264981685486448293e-01
3.549722976726925050e-01 4.468420284885913363e-01 8.211740798765936322e-01
-9.303667573217988540e-01 -6.999532380304168688e-02 3.598865814617548953e-01
7.310561770470355158e-01 6.789072489573512170e-01 -6.813085435054135053e-02
-7.172472960757019234e-01 2.789471454972464737e-01 6.385489850364124420e-01
4.486974227734537579e-01 -6.415063840715464760e-01 6.222058999976696203e-01
-2.647947209104865585e-01 -4.309199608947511528e-01 8.626654873590362538e-01
1.738669186583577039e-02 8.428173505145544198e-01 5.379187825476902107e-01
8.498527387510704800e-01 4.697216147010922493e-01 2.389810183255219322e-01
-3.044934917633727034e-01 4.488098044293211131e-01 8.401508631917623537e-01
5.031356308418239998e-01 -8.085441239292421312e-01 3.051408472114054971e-01
2.473052433437095132e-01 9.654790106662087812e-01 8.179484444454458714e-02
-1.106428781814557533e-01 1.228108636129056352e-01 9.862431978403581878e-01
-3.238115077192835201e-01 6.795936307740896298e-01 6.582542096180279412e-01
5.122978058747879038e-01 -8.467761688022363842e-01 1.432517994458868682e-01
9.518679657248139137e-01 3.061620697550037073e-01 1.456581169164719407e-02
-3.261426507307287337e-01 -6.395141882428566626e-01 6.961699321361229931e-01
1.058335436575961741e-01 9.802770652020795783e-01 1.669015772114613716e-01
2.499159025929912070e-01 -5.347535824403715221e-01 8.072054556916220536e-01
-3.679315650799557802e-01 9.233420868337467446e-01 1.098442265179010585e-01
4.818045123773406213e-01 -7.393203814335911339e-01 4.703932242812628450e-01
6.413522078997698772e-01 7.659693970975322008e-01 4.425187150995308488e-02
8.998354556252355918e-01 -4.344326013281324950e-01 -3.955335261386198897e-02
6.323287477736146966e-01 4.359503988515582296e-01 6.403964432132799312e-01
2.982419316548230448e-01 7.876703695366465974e-01 5.390984503379717685e-01
-6.653967383503066602e-01 6.403808432801398887e-01 3.836138112119930610e-01
-1.080594720295684763e-01 9.909821751597767125e-01 -7.923054348096134070e-02
3.004362221630373780e-02 -3.851550907362037979e-01 9.223626926779457946e-01
8.668165791147941501e-01 -1.453215487640891201e-01 4.769807812024844385e-01
1.073627445561175647e-01 -9.640765443202529150e-01 2.429601979191187422e-01
-3.575900869695432249e-02 -9.867405405894639214e-01 1.583173990887413451e-01
-7.843090268791603759e-01 3.564332806651090979e-01 5.077545339927276302e-01
4.738703172668774499e-01 2.353285700758511387e-02 8.802801412359870792e-01
-0.000000000000000000e+00 -0.000000000000000000e+00 -1.000000000000000000e+00
-8.363331138175164048e-01 -0.000000000000000000e+00 -5.482216000234733100e-01
2.667869763282206264e-01 8.934861980461219488e-01 -3.612576963370212613e-01
3.521691244343788663e-01 8.075445193743326922e-01 -4.731265761121445923e-01
-3.224333846660020209e-01 -2.308389008930943759e-02 -9.463106500886326877e-01
4.856276840049425503e-01 5.703440115668211297e-01 -6.624752531210968964e-01
-1.663476034072514931e-01 -8.659505528829848364e-01 -4.716546562924155972e-01
-3.953194168841916989e-01 -1.688334343540385252e-01 -9.028941411253941229e-01
6.681007982244075993e-01 9.542901171738090230e-03 -7.440095808853107728e-01
-6.097325585124448999e-01 7.011489168648042947e-01 -3.696165627636017748e-01
6.550645707937341466e-01 3.344685774488301844e-01 -6.775110174677433372e-01
1.752283953185260756e-01 9.551240526322439806e-01 -2.388159407523977873e-01
7.725316463378500975e-01 7.084769289011048909e-02 -6.310114577554669646e-01
-4.353556208527096238e-01 -8.542911058305978633e-01 -2.839932919818461965e-01
-5.946983187970433793e-01 -3.086598896170738571e-01 -7.423361651984538012e-01
-8.953395704917863074e-02 5.214733335500145728e-01 -8.485571477109548066e-01
-5.522832621295110656e-01 -6.692647968799334546e-01 -4.970591816160799814e-01
-2.983511276599743467e-01 6.568277910027688904e-01 -6.925054928233022045e-01
-3.532683724333958164e-01 4.086312974234624362e-01 -8.415592194280075988e-01
-9.893420540000433805e-01 1.328130482193742856e-01 -5.969082349619198730e-02
5.692856988099271875e-01 6.272864211413003988e-01 -5.314372389871000468e-01
9.722982616724533678e-01 -3.448500262689305901e-02 -2.311858017754305772e-01
-8.924430572195201083e-01 -4.436023712395124607e-01 -8.223336215525950399e-02
5.967964521918949217e-01 -3.585919612527363465e-01 -7.178062412490457955e-01
1.604963964787024522e-01 3.402283891945818289e-02 -9.864498736120410616e-01
-5.002101201738848868e-01 4.059330339951370270e-01 -7.648582924876544675e-01
5.796541122421298153e-01 -7.570250120792957338e-01 -3.015198853262096024e-01
-7.566771522706365882e-01 -6.040237833187517280e-01 -2.501898407547788472e-01
2.899196738102908233e-01 -8.565671557813034909e-01 -4.268949406756450959e-01
-8.183755977350024580e-01 5.665790243598103348e-01 9.617478977030725906e-02
-9.645285011416533383e-01 -7.749263268198608445e-02 -2.523482957450878250e-01
8.813911964811890210e-01 3.995323305264892322e-01 -2.520386391598125608e-01
-8.359770368707178934e-01 5.445854790956707880e-01 -6.759474671150908498e-02
4.199134680810648335e-01 -1.447287714908835343e-01 -8.959499216065996974e-01
8.364717490213399165e-01 -4.121837711183678477e-01 -3.611364727022477461e-01
5.581391839329982174e-01 1.045960393990564563e-01 -8.231283738886893131e-01
4.745186049139124007e-01 -6.431582877562537215e-01 -6.009821215984700871e-01
-3.825848814223234973e-01 8.941682328644875444e-01 -2.325768256793143141e-01
1.312799925558024439e-01 -8.709620656345707923e-01 -4.734877440653664227e-01
9.370498329730346798e-01 -3.158439548223432314e-01 -1.489302075718337559e-01
-6.645427983536807970e-01 1.241120855663794265e-01 -7.368711280628540417e-01
4.779754554007566991e-01 -8.525766900597545606e-01 -2.113112670947588645e-01
-5.819098891555851694e-01 6.197218967965809622e-01 -5.266171774009867912e-01
-2.453786829460166685e-01 9.148619916281101050e-01 -3.206506482605736563e-01
5.644527554397931191e-01 7.757679518079170222e-01 -2.820942605303666806e-01
-2.798162421177414691e-02 7.395822573810520995e-01 -6.724842847781785649e-01
-1.859381770888877405e-01 7.589672790894718135e-01 -6.240157558687000616e-01
-4.556987461581730181e-01 -3.138163847366732262e-01 -8.329813499837036561e-01
2.968697313853457809e-01 -5.175854693855097555e-02 -9.535142449937507036e-01
-1.991819219760346260e-01 -4.338522667615289374e-01 -8.786915116147508975e-01
6.971563281960572178e-01 5.353392790018008940e-01 -4.768489387783340638e-01
6.129148042647531991e-01 7.812717033961384949e-01 -1.181099834289874861e-01
4.151973672657457426e-01 3.542275653584249784e-01 -8.379343519368543935e-01
-5.329708144439806450e-01 -5.679737422455338747e-01 -6.271745682587296367e-01
-8.045920865980670245e-01 4.534620826798204662e-01 -3.834106333364378227e-01
3.552878115052033464e-02 9.456352661483884425e-01 -3.232826149461566767e-01
-1.423704672740152000e-01 6.470274177822690209e-01 -7.490568541080093734e-01
-2.433922596891855972e-01 -5.660936074492480818e-01 -7.875901443825263915e-01
8.575890530359432384e-01 1.253104480851166547e-01 -4.988369550400424401e-01
-3.097168745784149579e-01 -8.669270057948903485e-01 -3.905291592504769871e-01
5.260331055286794344e-01 4.250022872752686198e-01 -7.366561122387047522e-01
4.310604938015636933e-01 1.938521721037360090e-01 -8.812537580369320667e-01
-8.910699206186878385e-01 3.555596116123773687e-01 -2.820846666493246335e-01
-5.874985614432807202e-01 2.664088426983107216e-01 -7.641150233009572634e-01
-6.553007884372837877e-01 -7.263933320314491793e-01 -2.072042563600543508e-01
-2.461138402508502854e-01 9.692099949757231325e-01 7.743595814452794955e-03
-1.030585867615834289e-01 9.095475650724055283e-01 -4.026191184799391976e-01
5.352348901039124529e-01 -7.106179535983687678e-01 -4.566680812571854431e-01
-5.327671243275697854e-01 1.262408000427958088e-01 -8.367929562563769519e-01
6.427867990081020944e-01 -1.760727038607273753e-01 -7.455357362166419311e-01
-1.237672495057065697e-01 -6.678376844749198682e-01 -7.339444768815754916e-01
5.386680017149033661e-01 -5.075388636271878084e-01 -6.724887254344832366e-01
9.976866523822638388e-01 -4.891351237379343124e-03 -6.780426492002161742e-02
-7.695398651672893386e-01 -5.091732651701744716e-01 -3.854231206794076492e-01
3.321131384653071561e-01 9.194825943840850835e-01 -2.103630715772992210e-01
-4.373984214711298946e-01 -7.788965970096586311e-01 -4.494471182033957790e-01
5.512094576719671624e-01 -6.760145936826078561e-02 -8.316238190818353582e-01
-9.950308948363381090e-01 -2.765175980698693706e-02 -9.564987454656154187e-02
-9.739077573359848916e-01 -1.875754868797930297e-01 -1.277462990563762169e-01
5.014592975698719535e-01 7.472391258126221958e-01 -4.360874473491743175e-01
1.635778071918683463e-01 -7.046075311297822497e-01 -6.904857189468098788e-01
-5.529475550610281065e-01 5.168981335342731631e-01 -6.535023495755896139e-01
-2.953939298138653080e-01 2.704972548808310950e-01 -9.162825226593902528e-01
-1.347676930484264235e-01 2.615878861494079222e-01 -9.557245663528218804e-01
-5.033981812851631155e-01 8.634208010169770464e-01 3.308763288589891549e-02
9.692376912619511398e-01 1.291144239168763586e-01 -2.095417938594011653e-01
-6.467505788503351560e-01 3.808463701352394759e-01 -6.608099054278534501e-01
-4.477739834095973981e-01 2.709363754226733478e-01 -8.521102864385136089e-01
7.415842071878052666e-01 3.901320370208561372e-01 -5.457562251954544141e-01
-2.066498205499825089e-02 -4.130683150799149828e-01 -9.104655543147729402e-01
-5.412982384930437041e-01 -1.708548128085517204e-01 -8.232890439842392993e-01
4.244240066780992082e-01 6.987541716141946191e-01 -5.758531672284779024e-01
-8.482446396950178436e-01 3.032009213954163784e-01 -4.342237124958054917e-01
-3.675143456429739719e-01 -9.287095177035996629e-01 4.931366416485266635e-02
3.001894630740500891e-01 1.143591615841377251e-01 -9.469996137386152979e-01
1.128799084836542704e-01 -4.987318505467274177e-01 -8.593745792790001836e-01
8.674872378532749728e-01 -4.534139270377392505e-01 -2.046501965059186190e-01
6.914760126010957020e-01 6.854649252465266906e-01 -2.280323666808355132e-01
-2.102432307453361016e-01 -9.744600172083858203e-01 7.890157658751771608e-02
-9.231602055410388363e-01 1.976526883284118186e-01 -3.297099478359404312e-01
1.328841838880862880e-01 3.538378942336590782e-01 -9.258188474408409752e-01
-4.791745686671975424e-01 -8.614428645130365325e-01 1.682495881783347691e-01
-7.288260457551676286e-01 6.299350574911602996e-01 -2.683177563496217943e-01
-6.248980591943278373e-01 7.794443938435200447e-01 -4.437175363978761167e-02
1.956259388696147614e-02 6.249252843649085731e-01 -7.804394235825430348e-01
7.825252819378079872e-02 -9.934815579092942661e-01 -8.289110884409228719e-02
-1.958133430941319253e-01 4.027735727674867650e-01 -8.941088209756202776e-01
-6.606094365167833882e-01 -5.437836901675798806e-01 -5.175852303656930387e-01
8.416440284571108377e-01 2.838831163795623169e-01 -4.593971110021414228e-01
-7.010330638184116836e-01 5.748932483456022924e-01 -4.219601834770818627e-01
-6.368351111978928225e-01 -6.677141253061386061e-01 3.854852630285959258e-01
-6.068609555819148849e-01 7.832675776761237607e-01 1.349506663621290181e-01
-4.198881720437160903e-01 -6.866931558968168980e-01 -5.934192722032682887e-01
2.911615839635197656e-01 2.768029334223828797e-01 -9.157538250384860135e-01
-9.205383976613712438e-01 -2.218981595185739730e-01 -3.215124651289660851e-01
4.408569492787829947e-01 -8.178283653597210323e-01 -3.698674290683772181e-01
-3.937312403296386321e-01 -5.746291838885648762e-01 -7.174796243880702251e-01
1.563686735808622053e-01 1.969208959558007566e-01 -9.678693086664782452e-01
3.831276145833782953e-01 5.042689040985185445e-01 -7.739031614504036094e-01
-7.757506615146176898e-01 1.378154983019696522e-01 -6.158066251571290284e-01
-8.906063541626856317e-01 -1.122738628858499788e-01 -4.406981979061615484e-01
-5.122286785164477108e-01 -8.588323539497836334e-01 5.363647487230021986e-03
5.186825266666253431e-02 -2.741991900567847251e-01 -9.602731322584791007e-01
-3.427087683054629852e-01 7.525827312052669749e-01 -5.622899010458691782e-01
-1.520996957390627347e-01 -9.349090429751789610e-01 -3.206411762692362721e-01
-9.074320224937445500e-01 4.017194120033837357e-01 -1.232421947734133189e-01
7.546461230563366041e-01 5.694489048620027249e-01 -3.259404450317667790e-01
-7.343510853185672982e-01 6.702320964887811261e-01 -1.073192449083353317e-01
5.661328869635995353e-03 -7.445374901930328360e-01 -6.675566455758562556e-01
2.594700556785606294e-01 7.571175524964922632e-01 -5.995400753143079742e-01
8.230168210155532904e-01 5.388179232942085228e-01 -1.797736294965671944e-01
6.211752543629804890e-01 4.855829838993469538e-01 -6.151019989517941822e-01
3.907921281476549602e-01 -7.605224841121720480e-01 -5.185432129896965225e-01
-9.863867866584189459e-01 -1.576840408247602021e-01 4.665672914868986693e-02
7.199349453158159218e-01 -6.917047279449173303e-01 -5.690556960228699418e-02
-4.021092944263522928e-01 5.367065767523760966e-01 -7.417911874690120699e-01
8.483631185490947413e-01 -3.613040586921600211e-02 -5.281804737562533214e-01
6.705061487205354886e-01 1.742203592586663574e-01 -7.211579375890806443e-01
4.219476708811679133e-01 8.453613996614599557e-01 -3.276038262908037013e-01
4.158801814828385485e-02 -9.694185317114070166e-01 -2.418639020627052771e-01
5.506345472525174811e-01 2.683968315203532629e-01 -7.904206071465054162e-01
-2.289403745887061414e-01 1.259087938012497798e-01 -9.652633218592205910e-01
-6.729076081596142567e-01 -1.625151615477052336e-01 -7.216537765078419042e-01
5.156596227720441350e-01 -2.546951551234944433e-01 -8.180620584034026255e-01
7.013050861325025309e-01 -6.776732758716436100e-01 -2.212015084353593786e-01
6.127490147716021518e-01 -5.839794946278865639e-01 -5.324533733113060441e-01
-8.319038578798855221e-01 5.055946377460118768e-01 -2.287138682437998838e-01
4.570926257010563543e-01 -4.083467851954335481e-01 -7.901387438610186775e-01
2.363214518239644124e-01 -7.878902388839518212e-01 -5.686661084320069337e-01
7.345673235837441029e-01 -5.052479815524291151e-01 -4.529186728985802879e-01
-3.861636540742990342e-01 1.279028328532863801e-01 -9.135198397517644286e-01
3.674991592009678176e-01 -3.010390655196626963e-01 -8.799544584906823230e-01
-7.193777963850979118e-01 4.503864810220311599e-01 -5.288171742490139771e-01
-1.498481585230110602e-01 -7.765801563557168663e-01 -6.119385509524568612e-01
2.463814124379025694e-01 -2.093217688436397605e-01 -9.462983655767740476e-01
-3.045803622462884830e-01 -3.084485256977309575e-01 -9.011605350484539478e-01
-5.972592937092564835e-02 -1.541716810197954757e-01 -9.862372463724484728e-01
-2.279464559759846742e-01 8.433262059726238657e-01 -4.866634602349019234e-01
7.533727333616889732e-01 -9.647375694722702677e-02 -6.504785460317847878e-01
1.857966733639887236e-01 -3.601876069120139023e-01 -9.141906168813327405e-01
-5.370580303486607310e-01 -8.289360767507140126e-01 -1.563126760667586934e-01
-9.003596115376342190e-01 -4.264836812198877780e-01 8.639583071499243316e-02
9.166874343020074978e-01 -9.365420481046422829e-02 -3.884752729764436308e-01
9.163548073616961664e-01 2.475444182818986316e-01 -3.146674879973861971e-01
9.575384756586025059e-01 -2.880192992880769576e-01 1.284332009275258868e-02
-9.532895716627587390e-01 2.470066244377059350e-01 -1.738583332570630968e-01
-8.294900054788735266e-01 -5.582812284855984686e-01 1.638294025104957904e-02
-6.123588305661572528e-01 -2.376415460726410273e-02 -7.902227075853049953e-01
-4.005880873733773107e-01 -9.094664755909807052e-01 -1.113549012421975459e-01
-6.862146726660500740e-02 -9.976298029494764519e-01 -5.086304863768772479e-03
-7.344885116027825012e-01 -1.268220428263225862e-02 -6.785026072301143518e-01
-7.858249278828315365e-01 -1.479507619137507002e-01 -6.004912611912710529e-01
7.659518838732805035e-01 2.340633349191577062e-01 -5.987754728088773293e-01
-4.734351405530516643e-03 1.647060946778446389e-01 -9.863313278471600443e-01
-2.760312291727403666e-01 -6.856203815225697662e-01 -6.735959122220324113e-01
-8.319715871990092104e-01 -2.603410459204886784e-01 -4.899447090260159454e-01
-3.847675734173784945e-01 9.205233611649634717e-01 -6.775437990315162640e-02
-2.378083130150767666e-01 -1.674058538528846174e-01 -9.567771351556797477e-01
-2.935637927693022231e-01 -9.263032239740076612e-01 -2.361834812815274132e-01
1.478339237900561931e-01 6.948063775105352002e-01 -7.038389224442787029e-01
-6.664916810046821460e-01 -6.398719318539469736e-01 -3.825607794547826734e-01
2.162221701818762276e-01 -9.614847197241775945e-01 -1.696912103167376729e-01
8.085035674052739596e-01 4.327352050507900505e-01 -3.988260570757585777e-01
-1.341281663132573021e-01 -2.967354731984856997e-01 -9.454933600756347811e-01
-6.284319581202028049e-01 7.489290077841861404e-01 -2.101870959707139164e-01
-9.471636486909661423e-01 -2.823672588110824333e-01 1.521504313169410039e-01
-9.238125034992281659e-01 -3.287461056024504336e-01 -1.962051386424708832e-01
4.650945951345158286e-02 -6.269871674236789927e-01 -7.776399951531545174e-01
-5.765556942693385312e-02 8.374718591379376464e-01 -5.434305111659653020e-01
2.102347311819925679e-01 5.708425060587551947e-01 -7.936877163478059938e-01
1.259595530445453970e-01 8.852790833376263935e-01 -4.476774906131760212e-01
9.965283826084921082e-02 8.027092387505302407e-01 -5.879857054819456197e-01
-5.005778115203411982e-01 -4.476000816405092397e-01 -7.409966407001554733e-01
-9.810587988559313910e-01 1.647506019642900332e-01 1.018865660416584940e-01
-7.551200965708804169e-01 -4.063242313414178741e-01 -5.144844592206748723e-01
3.328056422266117975e-01 -9.026525705312024028e-01 -2.728712909331888481e-01
8.194260952379273100e-01 -1.977438518388011934e-01 -5.379946500691967781e-01
-4.236811233085355753e-03 -9.197743572677334889e-01 -3.924247458345395678e-01
2.317754788697842794e-01 -5.832795149051160921e-01 -7.785018528473357513e-01
7.912491789233645767e-02 4.966366436277592222e-01 -8.643444287867453335e-01
-8.545053744019575070e-01 -3.672823491207002355e-01 -3.673203522030197843e-01
9.456722188828793341e-01 -1.946946943867852164e-01 -2.603805492174250391e-01
7.772225713607908704e-01 -5.535679186029848209e-01 -2.991448379311927863e-01
-7.175376744676859042e-01 -2.948073217101249144e-01 -6.310533486050193819e-01
8.805870828275580431e-01 -2.577158020478418909e-01 -3.976794625475260636e-01
-2.491215925131179953e-01 9.555375085704735927e-01 -1.577545620850946406e-01
3.907630370709876955e-01 -5.506879850014458899e-01 -7.375954121563563781e-01
-1.622498585061785681e-01 -2.353924700273811454e-02 -9.864688982756978364e-01
-3.696750429954753225e-01 8.388288973644482116e-01 -3.996328859498893826e-01
-8.457134581893976932e-02 -5.441474578990248556e-01 -8.347162580951698052e-01
-7.618090423941060729e-01 2.972766223659010221e-01 -5.755637173426558784e-01
-9.282742545632536313e-01 3.407599707927107258e-02 -3.703319250862521228e-01
-5.584902380099081576e-01 -7.574138927957553280e-01 -3.382496844752647669e-01
-7.514902499441904471e-01 -6.530837429126300497e-01 -9.350951278906290132e-02
-9.723005733194198807e-01 8.513066357588078281e-02 -2.176795011981092487e-01
4.334682369256914747e-01 2.667570711519357332e-02 -9.007739418002926879e-01
6.716180820520647465e-01 -4.415437558109922556e-01 -5.949523204131813570e-01
1.778348034742083805e-01 -9.283176873288963016e-01 -3.264981685486448293e-01
-3.549722976726925050e-01 -4.468420284885913363e-01 -8.211740798765936322e-01
9.303667573217988540e-01 6.999532380304168688e-02 -3.598865814617548953e-01
-7.310561770470355158e-01 -6.789072489573512170e-01 6.813085435054135053e-02
7.172472960757019234e-01 -2.789471454972464737e-01 -6.385489850364124420e-01
-4.486974227734537579e-01 6.415063840715464760e-01 -6.222058999976696203e-01
2.647947209104865585e-01 4.309199608947511528e-01 -8.626654873590362538e-01
-1.738669186583577039e-02 -8.428173505145544198e-01 -5.379187825476902107e-01
-8.498527387510704800e-01 -4.697216147010922493e-01 -2.389810183255219322e-01
3.044934917633727034e-01 -4.488098044293211131e-01 -8.401508631917623537e-01
-5.031356308418239998e-01 8.085441239292421312e-01 -3.051408472114054971e-01
-2.473052433437095132e-01 -9.654790106662087812e-01 -8.179484444454458714e-02
1.106428781814557533e-01 -1.228108636129056352e-01 -9.862431978403581878e-01
3.238115077192835201e-01 -6.795936307740896298e-01 -6.582542096180279412e-01
-5.122978058747879038e-01 8.467761688022363842e-01 -1.432517994458868682e-01
-9.518679657248139137e-01 -3.061620697550037073e-01 -1.456581169164719407e-02
3.261426507307287337e-01 6.395141882428566626e-01 -6.961699321361229931e-01
-1.058335436575961741e-01 -9.802770652020795783e-01 -1.669015772114613716e-01
-2.499159025929912070e-01 5.347535824403715221e-01 -8.072054556916220536e-01
3.679315650799557802e-01 -9.233420868337467446e-01 -1.098442265179010585e-01
-4.818045123773406213e-01 7.393203814335911339e-01 -4.703932242812628450e-01
-6.413522078997698772e-01 -7.659693970975322008e-01 -4.425187150995308488e-02
-8.998354556252355918e-01 4.344326013281324950e-01 3.955335261386198897e-02
-6.323287477736146966e-01 -4.359503988515582296e-01 -6.403964432132799312e-01
-2.982419316548230448e-01 -7.876703695366465974e-01 -5.390984503379717685e-01
6.653967383503066602e-01 -6.403808432801398887e-01 -3.836138112119930610e-01
1.080594720295684763e-01 -9.909821751597767125e-01 7.923054348096134070e-02
-3.004362221630373780e-02 3.851550907362037979e-01 -9.223626926779457946e-01
-8.668165791147941501e-01 1.453215487640891201e-01 -4.769807812024844385e-01
-1.073627445561175647e-01 9.640765443202529150e-01 -2.429601979191187422e-01
3.575900869695432249e-02 9.867405405894639214e-01 -1.583173990887413451e-01
7.843090268791603759e-01 -3.564332806651090979e-01 -5.077545339927276302e-01
-4.738703172668774499e-01 -2.353285700758511387e-02 -8.802801412359870792e-01
