0.000000000000000000e+00 0.000000000000000000e+00 1.000000000000000000e+00
6.979020555068514708e-01 0.000000000000000000e+00 7.161932147956385775e-01
2.278107129420256227e-01 -3.119845774986239606e-01 9.223708053011278052e-01
6.859190937417204426e-01 -6.885551139182809477e-01 2.353866010152660115e-01
9.040275508353595724e-01 -2.717327790605124083e-01 3.299931576785678500e-01
3.385576777118951552e-01 7.677774536951774420e-02 9.378080169620549578e-01
8.225924966815768569e-01 5.565960202770598997e-01 1.163720525508967069e-01
-5.104097722947711357e-01 3.437269939922349971e-01 7.882471807415881715e-01
-6.067502159122452055e-01 -7.948137406988864395e-01 -1.119343944849365141e-02
-9.623529849842117345e-01 2.714669823766314161e-01 1.350591615934258055e-02
-6.583232887451345716e-01 7.393050256726486913e-02 7.490959406417457833e-01
1.539795297179948896e-01 -8.641454775242138897e-01 4.791063536442336512e-01
5.731502765117704179e-01 -4.173123347312894804e-01 7.052298744491765081e-01
-4.782500125404056113e-01 -8.187107529510950776e-01 3.177886538367172831e-01
-7.816264475803991196e-01 4.132554352717450197e-01 4.672044966192064885e-01
6.902627304078796933e-02 5.997037755953946725e-01 7.972394591129613461e-01
2.314776141092530215e-01 -9.549269037653010939e-01 1.858298216958274018e-01
8.435527760665240821e-03 4.073306785265385366e-01 9.132417862770564332e-01
4.087559694346987738e-01 -2.255685440824574395e-01 8.843287790024816353e-01
-6.162970747211135025e-01 5.480516926257605892e-01 5.655238791600556425e-01
-4.365823336230015839e-01 2.754348427329151860e-01 8.564645429771091667e-01
-5.826426598925334988e-01 8.065853630458734713e-01 -9.973757062165670984e-02
-3.610734641371127207e-01 2.013881682440396559e-01 9.105321296842497913e-01
9.508111559109366784e-02 3.315076222956648833e-01 9.386491771784748472e-01
-2.189168271283451969e-02 9.826875933935043106e-01 1.839724110253583844e-01
-4.600696274787985374e-02 8.528350091887478834e-01 5.201497923490344677e-01
-4.913926942358965433e-01 -6.364787730453723702e-01 5.944981005135708818e-01
5.118410841603922012e-01 -1.280693940694118370e-02 8.589846837217420816e-01
-9.692817904510504512e-01 1.636038215834098308e-01 1.836480336494507037e-01
4.745531918800289378e-02 -3.555490517716649590e-01 9.334521222135790941e-01
6.757706531113962800e-01 7.039284765082833850e-01 2.186749284991856834e-01
2.813182453899803481e-01 6.416918127020602158e-01 7.135065958502744277e-01
8.770117190922857020e-01 1.187995904551905069e-01 4.655503215362147840e-01
9.139696454715298124e-01 -3.719523467454995402e-01 1.622064699916799246e-01
-7.824613021776068988e-01 -6.020266182127441690e-01 1.591171315661848717e-01
4.839764620978367904e-01 8.502317166202794096e-01 2.070575093740720796e-01
-3.086034326721219245e-01 6.821369359515212505e-01 6.629126050646897417e-01
-9.421916365023026430e-01 1.546062051781444402e-01 2.972740174073853492e-01
-6.687627820026303960e-01 -6.824571762613541592e-01 2.949721071177429654e-01
6.022240960289667461e-02 2.247198883555719118e-01 9.725606578301839722e-01
3.235029202454252628e-01 -5.958928768545644905e-01 7.350221356576090992e-01
2.069200064088222157e-01 7.185134773307936262e-01 6.640199498823691204e-01
-3.113620144871575013e-01 8.072278757468330790e-01 5.014347939181669211e-01
4.373477129087416371e-01 3.892538171368450373e-01 8.106839358577968557e-01
-5.865862311133169804e-01 -5.678532185426672374e-01 5.774593627771639204e-01
4.048759936064245668e-01 9.143638990056727200e-01 -3.753664390194455178e-03
-6.597056802845571166e-01 6.923846138395044481e-01 2.922190307262856890e-01
9.368392344404606886e-01 -7.197607562946557735e-02 3.422742954853505992e-01
-2.157597941974193911e-01 9.466397171158595913e-01 2.394179550215326802e-01
-6.901449351910827756e-01 -3.893003813467620366e-01 6.100370329032179795e-01
-8.601877216239789403e-01 2.142556125866072469e-01 4.627867932887517188e-01
-9.526556639454601960e-01 -3.719403316957762412e-02 3.017677747030236834e-01
-5.354766207428994784e-01 8.319277324486549219e-01 1.454683354569105969e-01
9.438843721218830307e-01 -1.725715843284764406e-01 2.816049366513986851e-01
6.949050844125025383e-01 3.067317757341667672e-01 6.504018307266805632e-01
-1.372796433501590752e-01 -8.518894672826031744e-01 5.054093737304596878e-01
1.868980451371957119e-01 -6.048018132427554483e-02 9.805158175118224850e-01
-2.544505313824402815e-01 7.629875838663507936e-01 5.942262817689755172e-01
2.939809372587103009e-02 1.133822715205570347e-01 9.931164144198421084e-01
8.014504339567444235e-01 4.566255198769021972e-01 3.862257584725477533e-01
-7.412062369446148491e-01 -6.673775342756625983e-01 7.225331174790632083e-02
-7.505731267739075285e-01 5.138503054080977295e-01 4.154489679814410419e-01
8.783497594502427397e-01 -4.667010784772969711e-01 1.034011770814464298e-01
-3.098931595500657998e-01 -6.627824979461316435e-01 6.816785093285275821e-01
2.638957873319638381e-01 -4.130708649201775273e-01 8.716257648684665460e-01
-4.652972175196243843e-01 8.827240731545006325e-01 6.554929474848110449e-02
7.947180390652239801e-01 -2.915437636945191202e-01 5.323771898148524917e-01
6.614382553762250261e-01 -4.094238126324999394e-01 6.283880775240116012e-01
1.972264083732352402e-01 -1.766687306917291145e-01 9.643079920004641314e-01
-1.007700088688592982e-01 9.583577124774775857e-01 2.672001127385736363e-01
-9.834304738818883118e-01 1.682685861287293860e-01 6.745506624919242467e-02
6.261024818468033937e-01 4.018271754711039145e-01 6.682294540636382063e-01
1.826976438774921829e-01 -4.966039071343873457e-01 8.485317497539345277e-01
-4.182066542591550973e-01 -8.829732597222519352e-01 2.132168308291451653e-01
-6.039481101173376221e-01 -1.286907692332237008e-01 7.865655511143729850e-01
6.889857574871700585e-01 -5.741719873929111984e-01 4.422953254027280345e-01
5.446067380963559579e-01 -3.237130080699457402e-01 7.737010981162909529e-01
6.702487903877202280e-01 -7.313859497086580008e-01 1.258616365401396542e-01
-9.105371089043816646e-01 -3.351428395920220127e-01 2.420773644483235343e-01
8.580233850468745871e-01 -2.703944882207315881e-01 4.366722929755806337e-01
8.869256379298048332e-01 4.273613311185406327e-01 1.752860674651519068e-01
8.563046244920587136e-02 -5.598870964241401404e-01 8.241321879155556474e-01
1.659467888539048128e-02 -7.013592318200231324e-01 7.126147939620098848e-01
5.844593154127352558e-02 9.934028309871497653e-01 9.866553842648971562e-02
-7.432774471925490678e-01 6.218254109425948029e-01 2.467221003497670762e-01
4.911023968236879478e-01 -8.691270420253359719e-01 5.862269743298054864e-02
4.259666243738195468e-01 -6.010442504587297785e-01 6.762383040837579573e-01
3.804539972888800747e-01 6.537953539894101329e-01 6.540691026556557652e-01
7.059516701217769530e-01 5.737995875540106150e-01 4.151942590825661861e-01
-8.572109318465770400e-02 8.062506399125934919e-02 9.930516065339366483e-01
8.890917903033216385e-01 2.174248434472700608e-01 4.027930310558568427e-01
9.344307543223582257e-01 3.357201284715765066e-01 1.188745587397770920e-01
9.708976942428555468e-01 -1.723900790635352065e-01 1.662507983571047121e-01
-1.455202317276395596e-01 -9.303722175466661026e-01 3.364987354734529923e-01
-7.428587298607739475e-01 1.444406179518006594e-01 6.536802087835761332e-01
-7.676439453260907042e-01 6.270517944208804373e-01 1.323964513034536494e-01
-5.746329588139943434e-01 6.425936368029673273e-01 5.068238161185900648e-01
-8.590255144361185202e-01 4.472864089346450522e-01 2.490181397611652137e-01
-9.904450842699695778e-01 6.355737434782769701e-02 1.223887054080685793e-01
-7.386671033520625373e-01 -5.027539353877321648e-01 4.490093438644917612e-01
-8.247137308999475946e-01 -5.174936188732622844e-01 2.281394671917676975e-01
-4.672967403212385795e-01 8.032024042964366339e-01 3.694585960802216906e-01
2.388262388796889846e-01 -6.701467826515705717e-01 7.027555174627447832e-01
4.510771191957241300e-01 8.969924238720573817e-02 8.879659218986096780e-01
2.490390746782258913e-01 -7.477009524733174706e-01 6.155670759177320761e-01
-1.181439228511610429e-01 -9.840772601988505563e-01 1.327929194379833533e-01
9.031425511705795106e-01 -1.715391192024409706e-01 3.935833620065106730e-01
-7.512536434504684113e-01 -6.016706229154078489e-01 2.713124116640841521e-01
-3.307373071371639828e-01 3.136345568274764850e-01 8.900821301606327562e-01
-5.202416216780095942e-02 -8.160675439041998880e-01 5.756103285530107527e-01
2.560071176781165692e-01 8.420564791408239325e-01 4.747644064534558006e-01
7.116947364272911691e-02 9.647519903235030059e-01 2.533545010222956195e-01
3.087571379767208857e-01 7.333927724372973911e-01 6.056435181566452997e-01
-3.823765069105163894e-01 4.923676825451110961e-01 7.818965866072496995e-01
7.769252181083541320e-01 8.495161177625155241e-03 6.295355730249503345e-01
5.377922617418015028e-01 7.385866549427300143e-01 4.065331921887144206e-01
6.091072622822465421e-01 -6.848481513151446695e-03 7.930582836942001723e-01
-1.867307033649799886e-01 4.554842868625332830e-01 8.704399513132133892e-01
-4.867771821282890210e-01 4.518031069321653548e-01 7.476108128737070091e-01
-8.467662056448242991e-01 3.298355691991500804e-01 4.173673325368671971e-01
-4.640174896877695132e-01 1.606829392434055148e-01 8.711307377770346472e-01
8.427513032635763901e-01 -4.793141862024246080e-01 2.450064320638357662e-01
7.764566770199541335e-01 -1.962153761611309388e-01 5.988443494507371678e-01
8.806729359981159133e-01 3.214008567266813388e-01 3.480182022478331416e-01
6.152921373104164315e-01 -6.634423976615341223e-01 4.257461341563708590e-01
6.616954735906820373e-01 -1.105276403670152618e-01 7.415812436574314992e-01
-4.485984919453180342e-01 -2.922770456559611874e-01 8.445907420798605125e-01
-8.150973077439910286e-01 -1.083653436940478082e-01 5.690987007493237826e-01
-4.562878936906048649e-02 5.813752671129838179e-01 8.123551023844317598e-01
1.095614835895189071e-01 7.731183630642693982e-01 6.247273629404175299e-01
-1.957153350378660894e-01 7.071334145919199177e-01 6.794540761512787297e-01
2.532376360057800868e-01 -8.158262792161622423e-01 5.199020887152854264e-01
-9.340622074875435388e-01 2.592663467110520870e-01 2.455784070446786482e-01
-6.832700729223554204e-01 -1.726437627181401369e-01 7.094618655313347233e-01
-9.588677547236437171e-01 -1.404618182586987174e-01 2.466639547293009160e-01
-4.297173261708056025e-01 -7.972588211242841449e-01 4.239355985620106848e-01
1.324527409378675191e-01 4.324439212472555027e-01 8.918792106526217678e-01
-4.318334231491542385e-01 -5.088641221677165927e-01 7.446994023240267602e-01
5.817459015050865379e-01 7.844766364365881595e-01 2.148676638472416522e-01
5.254235001652063364e-01 -7.967159179619242027e-01 2.986199784680048097e-01
-3.615226755131488723e-01 9.272617065878305809e-01 9.740165596969355133e-02
-8.854240030845947906e-01 -4.296569423703986979e-01 1.772547506685545615e-01
1.434421265471297613e-01 -9.538983659563001760e-01 2.636328199552126494e-01
-7.743209973008779480e-03 -9.427007440477768174e-01 3.335496213025612722e-01
2.996847186892273585e-01 -2.206064256827368897e-01 9.281820265075411136e-01
-9.226692998189380823e-01 -1.340096026964049947e-01 3.615560669616572076e-01
-7.561113331635134216e-01 -4.060756270291982495e-01 5.132233792361157176e-01
-3.065894384346928847e-01 9.486650787458217673e-03 9.517945785184618313e-01
4.158264662891925645e-01 -8.978911284172241825e-01 1.444986901085500430e-01
-4.958732331967374285e-01 4.759179250520237381e-02 8.670898211172565206e-01
8.271882340778220488e-01 2.096428673683561894e-01 5.213535207177449893e-01
-3.572984745509663607e-01 -2.449200510334875180e-01 9.013057021262577129e-01
-6.907775875844133218e-01 -2.830214817966441032e-01 6.653759578859834711e-01
6.976565929374834996e-01 -2.090127593415465335e-01 6.852656016197625766e-01
1.499712499091112317e-01 -9.152992406284826687e-01 3.738126861218353247e-01
9.566968158292662450e-01 -2.721433696437745575e-01 1.032917660855640768e-01
-5.673715539149731812e-01 7.529715823593801094e-01 3.333516401149392294e-01
6.954131352773715857e-01 7.182713467288042164e-01 2.206453607230307243e-02
-8.601497931694258858e-02 9.031384619834043059e-01 4.206451495255315032e-01
6.337415924402327594e-01 5.843511444879594396e-01 5.068582976995937850e-01
-1.220868119489550672e-02 -6.157830478192378720e-01 7.878211637941263668e-01
-1.773290478604066245e-01 -9.836902385915297087e-01 3.013176537578035608e-02
-5.357015202607463555e-01 2.311103163916724268e-01 8.121649480540674704e-01
5.320850665426110071e-01 -7.432680495489096817e-01 4.055096650908638356e-01
-4.225105159289592183e-01 -3.482694288270592881e-02 9.056886595176564247e-01
-6.709480968750972663e-01 -4.379622176430611469e-02 7.402097961111138158e-01
-3.307073323882183669e-01 -5.685988421500376422e-01 7.532118008968692324e-01
-8.552112742933333234e-01 -4.261581504712237956e-01 2.949625520443550641e-01
6.977869844155540902e-01 6.424169339488147168e-01 3.168498182989084033e-01
-2.607188631257981726e-01 -1.944339720395501792e-01 9.456326479808714325e-01
-8.115573748959369338e-01 -4.193568630576917644e-01 4.068346699316913728e-01
-3.487889798205305869e-01 5.914385983167268490e-01 7.270121264304324482e-01
-6.577620463745803558e-01 -7.482277375105437223e-01 8.662761204706775908e-02
-2.907120079552569236e-01 9.019123625873805006e-01 3.194379730756382596e-01
-1.125613603116477346e-01 -3.353369304075100310e-02 9.930787640443431430e-01
2.117594265250799246e-01 -5.875554644383870206e-01 7.809843285792363865e-01
3.497583413428412280e-01 -7.551118805920531418e-01 5.545044187829681892e-01
-3.608807264161898454e-01 8.426323931543253654e-01 3.996695526411007116e-01
7.613401293173591711e-01 -6.477267604074845586e-01 2.848247431407537750e-02
5.497549172386477778e-01 4.924686634576213029e-01 6.747178273057498066e-01
6.461757547349914477e-01 1.004627707400040232e-01 7.565475039202136376e-01
4.722198400621898662e-01 6.611177830906722619e-01 5.830366193755883719e-01
-2.250756473591196405e-01 -6.200917706531805518e-01 7.515498313046691248e-01
9.711665197374348413e-01 -7.208274683454679588e-02 2.272436325837653981e-01
-9.696498714714215650e-01 5.872834733787504063e-02 2.373396468658734160e-01
2.054235446656871300e-01 -9.761487216059387961e-01 7.024842065182497486e-02
7.488915444906986130e-01 -6.465940083159226193e-01 1.451814141007194414e-01
8.273098061998394037e-01 5.145406874788889251e-01 2.254026741064457939e-01
3.424422605489487181e-01 -6.805935504368574307e-01 6.477080494280417211e-01
-9.529982569504649170e-01 -2.399554264884511401e-01 1.849749051847876524e-01
1.214253883733746459e-01 -9.809553768693870524e-01 1.515995502942342754e-01
9.683990682393237570e-01 2.420568993147448056e-01 -6.009743860882208605e-02
1.146175055787682501e-01 -6.486118341528449571e-01 7.524397092204686555e-01
-2.524487162554740483e-01 -4.198583289302528221e-01 8.717732671336387851e-01
-1.609960375979802849e-01 8.520780762331551239e-01 4.980393838649260219e-01
-4.703606662539742077e-04 9.930066256833675054e-01 -1.180576982232670186e-01
-5.126169341681641178e-01 -5.426087047892990123e-01 6.654319441467411167e-01
6.092636086176485000e-01 3.036206340459659536e-01 7.325383032959617013e-01
4.671798517405243434e-01 5.763815645080858641e-01 6.704679546577249072e-01
9.847094374123689375e-01 3.227476668576621799e-02 1.711889695815569101e-01
2.978207915908676062e-01 -3.252925661908054322e-02 9.540674103856597865e-01
6.745437785203144410e-01 2.058386248201972413e-01 7.089577923908214618e-01
7.106883000611681211e-01 -7.007009126774292884e-01 -6.277237552605964555e-02
-8.729906210420493862e-01 -3.297953576008502141e-01 3.593360511798727175e-01
-3.924637730707963290e-01 8.017867995284208571e-02 9.162661000539386036e-01
-3.906891619487812967e-02 -5.213814968027723484e-01 8.524288560220485422e-01
-9.977674054256517877e-01 6.655239286589821612e-02 5.566298050435260041e-03
-2.437331851708718702e-02 -1.142101410396330063e-01 9.931575831801173759e-01
-9.821017750667805357e-01 -1.436245501849947870e-01 1.218527471780462279e-01
-2.987880554510602971e-01 4.216246644507010699e-01 8.561298617888573048e-01
-5.873420257152529578e-01 1.452296328109934677e-03 8.093375288864829153e-01
4.021105618742311094e-01 -5.120140816205087653e-01 7.590445812015900184e-01
-4.425682794225084815e-01 -4.049107846421041157e-01 8.001128511213377870e-01
-9.546805093766800310e-01 2.675926038343169888e-01 1.303047327975972725e-01
9.176346588662694093e-02 -1.299413154498650358e-01 9.872662867066982484e-01
6.281114996976578935e-01 6.615970651893784416e-01 4.095915859491751077e-01
1.521278442274078269e-01 -3.985598165146289062e-01 9.044375001461112396e-01
9.578922051427454232e-01 2.822028884884544842e-02 2.857378844746636948e-01
-8.862000764753178439e-01 4.630705548141421102e-01 1.466580100994524169e-02
6.928940426272877096e-01 -6.354114275764664033e-01 3.408081034788509323e-01
-5.273939034879259191e-01 -4.418722406831781524e-01 7.256752672355560874e-01
4.444886903070721651e-02 5.056077881654570394e-01 8.616177009488171779e-01
4.445039670385136366e-01 -3.261235124055825163e-01 8.343019105475366626e-01
7.087945516091054277e-01 4.951251150382315336e-01 5.024553752002511864e-01
5.020130902949984097e-01 -5.121559674839432086e-01 6.969068245777565451e-01
-3.096432947489552445e-01 -9.260486093036972566e-01 2.157660845075050626e-01
5.145015909285773903e-01 2.989751487677448361e-01 8.036802681111858693e-01
-4.173989533833358245e-01 6.475829831879537091e-01 6.375063871051694919e-01
-7.899083789588388083e-01 5.314227123789965201e-01 3.059978000221078576e-01
-1.356845424892272889e-01 -1.472796814767145801e-01 9.797440483889691132e-01
4.416075085250155130e-01 -8.129569413174942971e-01 3.795837456715349112e-01
-8.476775705409729245e-01 -5.187976843753334677e-01 1.108679353489805813e-01
7.333106912168003699e-01 6.688941846053669815e-01 1.218031196162878138e-01
5.942492404165680142e-01 -5.073566167349521372e-01 6.240649835710979643e-01
-8.161649892903559411e-02 -9.662911111091803118e-01 2.441725531134746885e-01
4.405108583509227405e-01 -6.833044290635553741e-01 5.822759147492381215e-01
-1.229530184629161887e-01 6.481045759766242975e-01 7.515603860296375949e-01
3.358655184077199984e-01 8.573158028368523809e-01 3.901332692182463147e-01
6.425509815732475261e-01 7.569875198310165310e-01 1.187355502759917941e-01
5.525677663127424033e-01 6.677507626692785747e-01 4.987762851086078864e-01
-6.481774322522106946e-01 4.468117028136194269e-01 6.166241306888050611e-01
8.522700340330179314e-01 1.912653022579995435e-02 5.227522978724051805e-01
2.662891033632286963e-01 9.461925927317254015e-01 1.838741169649034668e-01
2.520085683770546536e-01 -8.735686815086192158e-01 4.163765605216510068e-01
-2.116498825485936264e-01 -8.818018749084980401e-01 4.214614817809855252e-01
-1.468145710768171130e-01 -4.732807622528077962e-01 8.685912743062362829e-01
-3.276176020746755513e-01 9.212255106536464400e-01 2.097862372315397461e-01
5.316519600822209313e-01 -6.779907759025669556e-01 5.076166872077471082e-01
-5.044694560626531432e-01 8.236168344400244257e-01 2.591638052021237315e-01
7.759210270166408963e-01 4.013685754650942461e-01 4.866721961059233270e-01
-7.038516421691725089e-01 4.843700923270301550e-01 5.195945337230400973e-01
1.897655441030182411e-01 9.428898564107731639e-01 2.737658798114862013e-01
6.093338136453172460e-01 -2.175519310603220291e-01 7.624850561423343054e-01
8.327921047397746079e-01 -5.483978667678065522e-01 -7.561144098359384724e-02
-9.131121536441589859e-01 3.605674549408069973e-01 1.903084478020745929e-01
-7.044592200430094264e-01 -6.858069713190096950e-01 1.827730980933510718e-01
-9.277690393277401304e-01 3.704257675671728256e-01 -4.504842269328852150e-02
7.715990380228017198e-01 3.069560500343054277e-01 5.571471151048202897e-01
3.045655141159147039e-01 9.078348803994712446e-01 2.882285161835768661e-01
2.255398273600848214e-01 5.770991063340372845e-02 9.725231886639349455e-01
-1.097790839273228569e-01 -6.631104820593252125e-01 7.404276070725126502e-01
5.125246535951646365e-01 -2.238294215507333207e-01 8.289866521877301553e-01
1.444680680394403449e-01 1.427384425944156765e-01 9.791602087108485231e-01
-5.608849488724024779e-01 8.274671831885160866e-01 2.657319842369913060e-02
6.940736700159087780e-02 8.403503461872929847e-01 5.375815408557136355e-01
-7.432677053211971252e-01 2.568841530494610503e-01 6.177083860031552520e-01
-8.860065057840370573e-01 3.486151700550584875e-01 3.057121765907332422e-01
-1.721971435678935902e-01 9.841111435607018398e-01 4.328280104967687641e-02
9.840989404892136472e-01 -1.705274111757681954e-01 4.969584857609002371e-02
-2.558406651182250358e-02 3.027919132061695495e-01 9.527132374632285572e-01
5.139584803099602750e-01 8.000944211030590614e-01 3.093470507977033046e-01
-9.010965577133465132e-01 -4.296944917120306684e-01 5.820341458623472242e-02
-2.446092883909910531e-01 -9.616427233507833794e-01 1.241352837002503706e-01
2.669314527418849003e-01 5.514965651937085989e-01 7.903158470615709863e-01
-5.621787232248776078e-01 -6.569016243775405162e-01 5.024294368798419841e-01
-1.396384622590059466e-01 7.909542862601204316e-01 5.957284758215639631e-01
4.555422320789310753e-01 4.860753053666898582e-01 7.457962672910239954e-01
7.306134053421838859e-01 1.070600740511686855e-01 6.743457514350157389e-01
4.122759971801466250e-01 2.874882731424863169e-01 8.645108414326952984e-01
9.372040689881729891e-01 -2.719360807489439869e-01 2.184016965568622293e-01
-9.979087142687558254e-01 -3.589293263925115440e-02 -5.375774709781613175e-02
-4.975174565139770660e-02 -4.178302527081060314e-01 9.071618619224018909e-01
4.123226453533516689e-01 8.601156682210467919e-01 3.003182868382749393e-01
8.909646565481989244e-02 -9.952204607335862763e-01 3.997567191489875132e-02
7.208368910113804873e-01 -3.066658046099179358e-01 6.215708011481869688e-01
-1.980714953236063780e-01 4.592244314693524204e-02 9.791112357417246503e-01
-3.920789305788043855e-01 9.197446840256601197e-01 -1.854261046130827387e-02
9.692806719938367177e-01 2.387952171596132711e-01 5.892217885371753283e-02
-9.971237491729557645e-01 -3.938956156791596080e-02 6.475099439202323948e-02
8.356758706318452301e-01 3.064639795843132619e-01 4.557693149621340201e-01
-2.601253397161949477e-01 -3.101111153387647312e-01 9.144210757527855282e-01
-8.136753554567369151e-02 -7.446088521682836525e-01 6.625231931274969677e-01
-6.531211124560272197e-01 -5.839870833644004167e-01 4.820704294268029488e-01
7.405744616054847906e-01 -3.960835089315743462e-01 5.428326821131884694e-01
-2.725284586384653096e-01 5.248695282298678766e-01 8.063747376796337463e-01
-8.644883575313108137e-01 1.007877749419881230e-01 4.924446203534562638e-01
-5.652013189001845461e-01 -8.191661763725254231e-01 9.754098933632225632e-02
5.105708136539923725e-01 -8.396123312586268872e-01 1.853876410205223535e-01
-3.335595280542051344e-01 -1.038046634945708202e-01 9.369966024917245617e-01
-8.154251289379745027e-02 7.307767295394730356e-01 6.777286995210964893e-01
5.847035219239928860e-01 2.005747560688512787e-01 7.860607856124102177e-01
-5.708003019654206422e-01 1.193737659255553057e-01 8.123650160395481379e-01
-7.888482242812949047e-03 6.688430622075467458e-01 7.433617759777110257e-01
-8.257510207489252574e-01 4.335568406058459279e-01 3.607820917063165878e-01
-7.370904405796104841e-01 2.905097686439197732e-02 6.751694032977059168e-01
8.247843177898929179e-01 -4.406381354847941911e-01 3.543569707009374126e-01
-4.208404983373774666e-01 7.731274048803484789e-01 4.745179562272910934e-01
-5.561251795190589320e-01 5.057995670059785009e-01 6.594631018650392029e-01
3.022408120022761213e-02 8.968816360707785318e-01 4.412367117484736201e-01
-5.655409899001298535e-02 1.932241864668450548e-01 9.795233777974131639e-01
7.598072540512577078e-01 6.114566652090888121e-01 2.209381887824463098e-01
5.178415703035330747e-02 -8.452790191220136418e-01 5.318099105063596177e-01
-8.245980667506452866e-01 -2.158879776756497115e-01 5.229057366354058489e-01
3.638968018749006994e-01 -1.237506891090818933e-01 9.231819346858162190e-01
-2.822817989468567323e-01 -7.465617547953644628e-01 6.024637186256052157e-01
-6.169565664811552663e-01 -7.619320221813299376e-01 1.970385461031749497e-01
1.578774221087676510e-01 5.305742483695885525e-01 8.328059116957180485e-01
-6.012291271431144946e-01 7.679088440466403931e-01 2.209967056534578311e-01
5.563201406485804856e-01 5.804573677789758301e-01 5.946235324134477862e-01
-2.523039997319219685e-01 2.387975095461538633e-01 9.377198095133901790e-01
-3.899973154480489979e-01 -6.970852942943411845e-01 6.016429060679486795e-01
3.384456321065467121e-01 -3.224345528539658834e-01 8.840195208443437647e-01
2.247282649188188097e-01 9.713949022064274352e-01 7.674080344863824787e-02
-1.699755682646771904e-01 -7.850904928383471981e-01 5.956015650146843088e-01
-2.815915269300189316e-01 1.247568890233058808e-01 9.513894736659886942e-01
6.018648232331318404e-01 -7.695327092217139064e-01 2.134903838406785326e-01
-9.557232349593564047e-01 -2.354852227576814949e-01 -1.764647500822419113e-01
1.014667202601689106e-01 6.952176020350387953e-01 7.116017077693778115e-01
-6.893667900651433422e-01 7.020351453759223759e-01 1.786619249092763761e-01
-3.538263641437146556e-01 -3.598027841607491784e-01 8.633358909179049689e-01
-4.648710400035735435e-01 -8.791643145925635006e-01 1.047140110633905663e-01
-5.775130708234952337e-01 -7.558090659765495101e-01 3.085957044673050542e-01
4.476124145895399309e-01 8.883766134610361354e-01 1.021279538658376590e-01
9.838971208978285476e-01 1.364146802390221735e-01 1.154880535131186381e-01
9.141516756230687601e-01 3.301755704496985300e-01 2.351824964442544852e-01
3.144798958908854303e-01 -9.436102503259483631e-01 1.034509089387767589e-01
3.803671485607577618e-01 1.823020698257953320e-01 9.066900173890685144e-01
-6.241881657416366025e-01 -6.692228629721065358e-01 4.031499639383689937e-01
-5.210883552459338874e-01 -8.279007998186462824e-01 2.074781715909728985e-01
-2.244711761042641751e-01 -7.148441949447173482e-02 9.718552715646022744e-01
4.861912689882775251e-01 1.955526303488145656e-01 8.516907999522057571e-01
-4.557408128814812720e-01 5.535469926152412068e-01 6.970552621139509686e-01
-8.124263580230722467e-03 9.409739660645011217e-01 3.383814290562085492e-01
1.086456039815605623e-01 9.273426626524502447e-01 3.580945667838955626e-01
-4.643600140076324934e-01 -7.220580817559121289e-01 5.128371125043543755e-01
-1.600253868190032736e-01 5.562458598122326237e-01 8.154645418503360110e-01
3.543585006804575999e-01 4.738574364345172207e-01 8.061570460717971676e-01
8.593756175145608189e-01 4.212894649587147766e-01 2.898080998458585356e-01
4.532929993677528580e-02 -7.772204548717907002e-01 6.275935142240784970e-01
7.069494123074814285e-01 4.020320511977363842e-01 5.818872384301337908e-01
-1.070532876403483963e-01 3.812537386058156841e-01 9.182511532279614697e-01
1.756391292568994233e-02 -2.222995257430705196e-01 9.748202038412748793e-01
-6.612023001925879662e-01 1.893605743114626927e-01 7.259160358584618722e-01
2.193370720873752122e-01 3.542434156287972979e-01 9.090670224421193435e-01
3.699894006993963425e-01 5.673513156943374991e-01 7.356767822556355974e-01
7.528678651282241230e-01 -4.770089594316377912e-01 4.534891732767346029e-01
3.031862846976244863e-01 2.712721255561288403e-01 9.135039740841365274e-01
4.699011128673541426e-01 -1.227513491500738796e-01 8.741424657387711905e-01
-9.224034569868738709e-01 -2.368577721145929127e-01 3.050741849576526499e-01
-2.500779834916995736e-01 -8.197337520376034581e-01 5.152645708207366226e-01
-1.996953863407741059e-01 -7.074860082562889341e-01 6.779272090687842311e-01
4.074248313608140326e-01 -1.585103078947920976e-02 9.131011727150082358e-01
-3.597370409464512031e-01 -7.764368654727475949e-01 5.174312082837155824e-01
-7.584495879569921328e-01 -1.972815879469567435e-01 6.211555341337594571e-01
-9.336481832260193903e-01 -3.368170429286991840e-01 1.218825235688858200e-01
-6.050667354474598136e-01 2.914099048289841010e-01 7.409281429548455478e-01
4.443248983813511965e-01 -7.539503341114793811e-01 4.838742381772258017e-01
-1.376911928780107930e-01 9.780394388461033373e-01 1.564608304510420878e-01
-2.369342606266403584e-01 6.204139076728010238e-01 7.476287443025932955e-01
3.524914181331118557e-01 7.851968639434476760e-01 5.091322863420495448e-01
-4.139821045053855841e-01 -6.068024121839710183e-01 6.785349288850250904e-01
-7.623329581324376214e-01 -3.039222434683674923e-01 5.713840484912066087e-01
-8.792424069910510509e-01 4.573997121885103323e-01 1.331100786509078759e-01
6.351349560868142508e-01 4.938672951403427769e-01 5.938844015019775213e-01
3.376197303184937104e-02 -9.729606713399706619e-01 2.284899586473553845e-01
6.483011967526310926e-01 -7.612448269802830625e-01 1.455581275178962838e-02
-7.069176542441922562e-02 -9.029122687893709198e-01 4.239718259163098857e-01
3.321404498196717792e-01 3.747199811202958641e-01 8.656024822877942393e-01
-5.306640028857185776e-01 -7.384485936932687622e-01 4.160401308933306397e-01
-2.497236479428249778e-01 8.703281590802748324e-01 4.244608287817237535e-01
-6.140002624327999328e-03 7.908472058927789039e-01 6.119828406902907414e-01
2.124696131835920598e-01 7.924815873282321510e-01 5.716901234229433415e-01
2.851067717372197663e-01 -9.583957917605610000e-01 -1.384323102560339538e-02
-7.457885652254381270e-01 -8.666928701816584146e-02 6.605208934369489748e-01
-1.399776394650875389e-01 2.728876155848350971e-01 9.518080739887665453e-01
4.764728230362230144e-01 -4.212531898026148913e-01 7.716990339432946433e-01
6.094255382019608813e-01 -5.914433876956846081e-01 5.280106367662517064e-01
3.726821255658163135e-01 -4.203031694304855126e-01 8.273169157284491204e-01
-3.228915548588229267e-01 -8.452653833694875329e-01 4.257551825616276431e-01
2.463738957146351105e-01 4.555252562195025168e-01 8.554511350489580890e-01
-7.877724346937420297e-01 -5.133613093876830957e-01 3.404038148441605460e-01
-9.112245729150333373e-01 -2.783075310584829168e-02 4.109686446645005597e-01
-6.770753919642999996e-01 -4.898004738909654820e-01 5.492398468543365775e-01
-3.581717554896686195e-01 -9.271492415019073619e-01 1.100330748088368948e-01
2.266150633506136824e-01 8.985978957545536217e-01 3.757225503055223736e-01
-8.575210932206943637e-01 -1.419554610654409632e-02 5.142529155506289085e-01
-8.745556245802098561e-01 -1.228896531582772539e-01 4.690955048407067229e-01
-6.150023290081925165e-01 -3.670579252604936338e-01 6.978829520900771133e-01
8.850657433189680345e-01 -3.743802941708866960e-01 2.765827639961732087e-01
4.723918382498738106e-02 -9.019563289666228112e-01 4.292356464095243851e-01
4.396817906368766238e-01 8.039408354599338891e-01 4.004485685607247492e-01
-4.300137400867481974e-01 -1.529456833851987330e-01 8.897728930858935792e-01
-7.311552078425122003e-01 3.796745355529654309e-01 5.667974145119337726e-01
-9.010437763117780108e-01 2.450622813739010974e-01 3.578611342652752159e-01
9.299628833640376513e-01 1.240437654020621477e-01 3.460956223793121289e-01
-7.091145656829318522e-01 6.075128730704392188e-01 3.578891473487389452e-01
-4.348159742472772482e-01 8.823985043735689260e-01 1.797441181754771966e-01
-2.204906979686694635e-01 3.496464027324308610e-01 9.105664419280780075e-01
-9.171682860479704047e-01 8.690602354307115640e-02 3.889083158531834727e-01
-4.075774359388199541e-01 3.862613091634308771e-01 8.274556391474345851e-01
8.313042653306716989e-01 -5.542933821161960539e-01 4.113471751721432118e-02
-6.715672022238839967e-01 3.396161294753766158e-01 6.585274310895098404e-01
-9.822435186840401400e-01 -4.362322088953524829e-02 1.824683112280551522e-01
9.412480802356260057e-01 3.377114694899177594e-01 1.736325922441619334e-03
-5.206305513131702645e-01 -2.000386411739283055e-01 8.300170908340579468e-01
-8.001881532661498930e-01 2.962813613824100689e-01 5.214559178587336863e-01
-7.099132549878673926e-01 -5.929722751601353981e-01 3.800092778919269554e-01
1.456426600664370019e-01 8.772222404629419490e-01 4.574596773552273010e-01
4.314190148921268619e-01 -8.613114217344222112e-01 2.683659225373723478e-01
5.216009634993222788e-01 -5.998499064757100152e-01 6.067227740720307905e-01
7.625737779789055759e-01 -5.408828711489684915e-01 3.548618785339263670e-01
-2.615624132397067481e-01 -9.104204718994168832e-01 3.204990925520133094e-01
4.586885407237183410e-01 7.377749140134159944e-01 4.952706319389858503e-01
8.063151692821219907e-01 1.109651478779695444e-01 5.809841510247619745e-01
-9.901296840952386047e-01 -1.401193590696075963e-01 3.126321702154948815e-03
5.693436482484726807e-02 -4.630298764296296721e-01 8.845121885172375631e-01
-6.276368988738115773e-01 7.713137870869911650e-01 1.055791883923559715e-01
3.504519148632637138e-01 -8.193170194975969434e-01 4.537654426355603454e-01
1.511768778833766647e-01 9.741760113091325612e-01 1.677100193287903440e-01
9.135954835139598051e-01 2.421366353537255170e-02 4.059026866147719126e-01
6.131635298752693419e-01 -7.212383854529363925e-01 3.222509534200656001e-01
-2.411851581579506631e-01 -5.236052337186312133e-01 8.171090984114556255e-01
-5.204549251826243728e-01 6.033072649024253664e-01 6.042739568847093068e-01
8.181833901971382605e-01 -5.529425719509744042e-01 1.575768134268451526e-01
5.525950224309978953e-01 9.431408474963408339e-02 8.280963679441686320e-01
5.357200925285653392e-01 3.984317557847752433e-01 7.444837932711809714e-01
-8.082938384392163167e-01 1.775470076748897341e-01 5.613716512319539831e-01
7.834867370972022904e-01 6.208456230287114908e-01 2.644324410639405792e-02
1.425914530169975769e-01 -7.282023670204967880e-01 6.703648187310005113e-01
-2.514777808583241181e-01 9.594351158570720850e-01 1.274487512488818031e-01
1.806230948837233563e-01 2.511962063119438926e-01 9.509341530984743995e-01
1.130853535756113498e-01 2.997842295394052489e-02 9.931329200886825914e-01
-8.068110086891017163e-01 6.269607848870679956e-02 5.874735721717294634e-01
2.948130749757795765e-01 -5.082485942897083664e-01 8.091777414300648230e-01
-1.704264036524350823e-01 1.605872674677564227e-01 9.721967755888395457e-01
8.997612815990960744e-01 4.323671171179063744e-01 5.906193503689820962e-02
3.342137990223845168e-01 -9.145709077917841823e-01 2.277305231275272568e-01
7.709661478477861651e-01 5.499249432443028551e-01 3.212378490628021166e-01
8.845093669583558027e-01 -7.581625253947388288e-02 4.603206226249259569e-01
-8.187183715902961456e-01 5.410121501694002966e-01 1.923696477867964383e-01
8.099800312214067155e-01 -3.754211774432953952e-01 4.505455454775451618e-01
-9.270974186399524308e-01 3.676447171415062054e-01 7.299135776979640000e-02
-3.724774830408475457e-01 -8.705759224512402694e-01 3.214935269577398613e-01
2.467409606465763017e-01 -9.193531555665753752e-01 3.064452213511985601e-01
-5.838215003335135433e-01 4.013904424834575102e-01 7.057181933543015262e-01
9.287970432604789606e-01 2.283654535963582921e-01 2.918651607066549136e-01
6.105788526589881610e-02 9.979632743075470547e-01 -1.847262245096470065e-02
-6.043993389527378968e-01 -2.438770177158812724e-01 7.584361801124082092e-01
6.372140158283488010e-01 -3.166653856013932344e-01 7.026246021837193600e-01
6.780112453112974169e-01 -4.962987839537524315e-01 5.422068500834807958e-01
-6.670219396122125666e-01 5.823178175912067100e-01 4.647447594021646977e-01
-3.671085166754656237e-01 7.325935014544496804e-01 5.731824304800773318e-01
-5.490900963416857072e-01 -8.285070737743501779e-01 -1.098912863030626630e-01
-5.167664062048058504e-01 -8.259114571703049523e-02 8.521333135532948022e-01
3.784487010531362161e-01 9.045415564373519013e-01 1.964208577241401132e-01
-1.627233723342554617e-01 -2.570713634578983831e-01 9.525940468982915244e-01
2.632269048636768916e-01 1.668895247324330422e-01 9.501891827896544740e-01
6.101012303982517038e-01 7.275162965931336601e-01 3.138415633053578402e-01
1.776482027441025624e-01 6.223655419630431673e-01 7.623006285179344532e-01
-1.769681527131219678e-01 9.207041211157763749e-01 3.478306977334386096e-01
5.696657480928004613e-01 -1.174003875333660685e-01 8.134482678430666747e-01
-1.562970885376337160e-01 -3.676424178656534369e-01 9.167389337758898860e-01
8.447607370386289727e-01 -1.769868411683637455e-01 5.050296577540734910e-01
8.179296211570949993e-01 -8.323340961818821715e-02 5.692656096736760096e-01
7.614857404507520133e-01 -5.973732550951971199e-01 2.515644275074248593e-01
-5.657388686159044167e-02 9.957616752280248340e-01 7.251262974440882136e-02
-8.793289764701651690e-01 -2.283857828676559010e-01 4.178761602722266821e-01
-4.004322906880030675e-01 8.686626262958958566e-01 2.916834281392678418e-01
-8.236214842676260472e-01 -3.199098450550731942e-01 4.683004822650001508e-01
9.913413485619108068e-01 -6.934836662582405387e-02 1.115039670943694938e-01
-2.932934037790786430e-01 -9.558733484981999373e-01 1.688552428919447984e-02
-8.507135987089760043e-01 -5.255915819645058384e-01 -6.313631258752902889e-03
7.551997195679701624e-01 2.094199379406441186e-01 6.211414276615236929e-01
-4.741476258941801358e-01 6.930095870927904800e-01 5.430669765842816021e-01
-5.094028798928315060e-01 -8.605224130191060361e-01 -3.143668027119142939e-03
-6.057456651952779492e-01 -4.705034163112587486e-01 6.416375334537128827e-01
-7.202773217514885085e-02 4.838329115325890051e-01 8.721913319424832167e-01
3.457957833396495539e-01 -8.718130583935108646e-01 3.469398614155929650e-01
1.238100138074492290e-01 -2.684394634298006288e-01 9.553069323283066572e-01
-1.346778306645628753e-01 -5.724500898444642161e-01 8.088032990564220093e-01
9.636528343048307299e-01 1.323489364468235230e-01 2.320710536832650273e-01
-3.443948440970937552e-01 -4.676799408743984032e-01 8.140440186274067180e-01
-6.212054142243980115e-01 6.725079502907853612e-01 4.022895600608853983e-01
-5.818577022306051227e-02 -3.084747033818996398e-01 9.494513012877481284e-01
1.508279716920141178e-01 -8.015021978906560207e-01 5.786580594200003702e-01
7.447590549406624127e-01 -1.006382302206973445e-01 6.597013693345932239e-01
-5.337227375172407529e-01 -3.353631751215115364e-01 7.763192514871191108e-01
-5.246498551608965721e-01 7.280036647559671170e-01 4.413085015967079250e-01
-1.968362380056822014e-01 -9.527403179608608941e-01 2.313901076960899195e-01
-3.379427246422626596e-01 -9.367948988556125123e-01 -9.060922877646934714e-02
-0.000000000000000000e+00 -0.000000000000000000e+00 -1.000000000000000000e+00
-6.979020555068514708e-01 -0.000000000000000000e+00 -7.161932147956385775e-01
-2.278107129420256227e-01 3.119845774986239606e-01 -9.223708053011278052e-01
-6.859190937417204426e-01 6.885551139182809477e-01 -2.353866010152660115e-01
-9.040275508353595724e-01 2.717327790605124083e-01 -3.299931576785678500e-01
-3.385576777118951552e-01 -7.677774536951774420e-02 -9.378080169620549578e-01
-8.225924966815768569e-01 -5.565960202770598997e-01 -1.163720525508967069e-01
5.104097722947711357e-01 -3.437269939922349971e-01 -7.882471807415881715e-01
6.067502159122452055e-01 7.948137406988864395e-01 1.119343944849365141e-02
9.623529849842117345e-01 -2.714669823766314161e-01 -1.350591615934258055e-02
6.583232887451345716e-01 -7.393050256726486913e-02 -7.490959406417457833e-01
-1.539795297179948896e-01 8.641454775242138897e-01 -4.791063536442336512e-01
-5.731502765117704179e-01 4.173123347312894804e-01 -7.052298744491765081e-01
4.782500125404056113e-01 8.187107529510950776e-01 -3.177886538367172831e-01
7.816264475803991196e-01 -4.132554352717450197e-01 -4.672044966192064885e-01
-6.902627304078796933e-02 -5.997037755953946725e-01 -7.972394591129613461e-01
-2.314776141092530215e-01 9.549269037653010939e-01 -1.858298216958274018e-01
-8.435527760665240821e-03 -4.073306785265385366e-01 -9.132417862770564332e-01
-4.087559694346987738e-01 2.255685440824574395e-01 -8.843287790024816353e-01
6.162970747211135025e-01 -5.480516926257605892e-01 -5.655238791600556425e-01
4.365823336230015839e-01 -2.754348427329151860e-01 -8.564645429771091667e-01
5.826426598925334988e-01 -8.065853630458734713e-01 9.973757062165670984e-02
3.610734641371127207e-01 -2.013881682440396559e-01 -9.105321296842497913e-01
-9.508111559109366784e-02 -3.315076222956648833e-01 -9.386491771784748472e-01
2.189168271283451969e-02 -9.826875933935043106e-01 -1.839724110253583844e-01
4.600696274787985374e-02 -8.528350091887478834e-01 -5.201497923490344677e-01
4.913926942358965433e-01 6.364787730453723702e-01 -5.944981005135708818e-01
-5.118410841603922012e-01 1.280693940694118370e-02 -8.589846837217420816e-01
9.692817904510504512e-01 -1.636038215834098308e-01 -1.836480336494507037e-01
-4.745531918800289378e-02 3.555490517716649590e-01 -9.334521222135790941e-01
-6.757706531113962800e-01 -7.039284765082833850e-01 -2.186749284991856834e-01
-2.813182453899803481e-01 -6.416918127020602158e-01 -7.135065958502744277e-01
-8.770117190922857020e-01 -1.187995904551905069e-01 -4.655503215362147840e-01
-9.139696454715298124e-01 3.719523467454995402e-01 -1.622064699916799246e-01
7.824613021776068988e-01 6.020266182127441690e-01 -1.591171315661848717e-01
-4.839764620978367904e-01 -8.502317166202794096e-01 -2.070575093740720796e-01
3.086034326721219245e-01 -6.821369359515212505e-01 -6.629126050646897417e-01
9.421916365023026430e-01 -1.546062051781444402e-01 -2.972740174073853492e-01
6.687627820026303960e-01 6.824571762613541592e-01 -2.949721071177429654e-01
-6.022240960289667461e-02 -2.247198883555719118e-01 -9.725606578301839722e-01
-3.235029202454252628e-01 5.958928768545644905e-01 -7.350221356576090992e-01
-2.069200064088222157e-01 -7.185134773307936262e-01 -6.640199498823691204e-01
3.113620144871575013e-01 -8.072278757468330790e-01 -5.014347939181669211e-01
-4.373477129087416371e-01 -3.892538171368450373e-01 -8.106839358577968557e-01
5.865862311133169804e-01 5.678532185426672374e-01 -5.774593627771639204e-01
-4.048759936064245668e-01 -9.143638990056727200e-01 3.753664390194455178e-03
6.597056802845571166e-01 -6.923846138395044481e-01 -2.922190307262856890e-01
-9.368392344404606886e-01 7.197607562946557735e-02 -3.422742954853505992e-01
2.157597941974193911e-01 -9.466397171158595913e-01 -2.394179550215326802e-01
6.901449351910827756e-01 3.893003813467620366e-01 -6.100370329032179795e-01
8.601877216239789403e-01 -2.142556125866072469e-01 -4.627867932887517188e-01
9.526556639454601960e-01 3.719403316957762412e-02 -3.017677747030236834e-01
5.354766207428994784e-01 -8.319277324486549219e-01 -1.454683354569105969e-01
-9.438843721218830307e-01 1.725715843284764406e-01 -2.816049366513986851e-01
-6.949050844125025383e-01 -3.067317757341667672e-01 -6.504018307266805632e-01
1.372796433501590752e-01 8.518894672826031744e-01 -5.054093737304596878e-01
-1.868980451371957119e-01 6.048018132427554483e-02 -9.805158175118224850e-01
2.544505313824402815e-01 -7.629875838663507936e-01 -5.942262817689755172e-01
-2.939809372587103009e-02 -1.133822715205570347e-01 -9.931164144198421084e-01
-8.014504339567444235e-01 -4.566255198769021972e-01 -3.862257584725477533e-01
7.412062369446148491e-01 6.673775342756625983e-01 -7.225331174790632083e-02
7.505731267739075285e-01 -5.138503054080977295e-01 -4.154489679814410419e-01
-8.783497594502427397e-01 4.667010784772969711e-01 -1.034011770814464298e-01
3.098931595500657998e-01 6.627824979461316435e-01 -6.816785093285275821e-01
-2.638957873319638381e-01 4.130708649201775273e-01 -8.716257648684665460e-01
4.652972175196243843e-01 -8.827240731545006325e-01 -6.554929474848110449e-02
-7.947180390652239801e-01 2.915437636945191202e-01 -5.323771898148524917e-01
-6.614382553762250261e-01 4.094238126324999394e-01 -6.283880775240116012e-01
-1.972264083732352402e-01 1.766687306917291145e-01 -9.643079920004641314e-01
1.007700088688592982e-01 -9.583577124774775857e-01 -2.672001127385736363e-01
9.834304738818883118e-01 -1.682685861287293860e-01 -6.745506624919242467e-02
-6.261024818468033937e-01 -4.018271754711039145e-01 -6.682294540636382063e-01
-1.826976438774921829e-01 4.966039071343873457e-01 -8.485317497539345277e-01
4.182066542591550973e-01 8.829732597222519352e-01 -2.132168308291451653e-01
6.039481101173376221e-01 1.286907692332237008e-01 -7.865655511143729850e-01
-6.889857574871700585e-01 5.741719873929111984e-01 -4.422953254027280345e-01
-5.446067380963559579e-01 3.237130080699457402e-01 -7.737010981162909529e-01
-6.702487903877202280e-01 7.313859497086580008e-01 -1.258616365401396542e-01
9.105371089043816646e-01 3.351428395920220127e-01 -2.420773644483235343e-01
-8.580233850468745871e-01 2.703944882207315881e-01 -4.366722929755806337e-01
-8.869256379298048332e-01 -4.273613311185406327e-01 -1.752860674651519068e-01
-8.563046244920587136e-02 5.598870964241401404e-01 -8.241321879155556474e-01
-1.659467888539048128e-02 7.013592318200231324e-01 -7.126147939620098848e-01
-5.844593154127352558e-02 -9.934028309871497653e-01 -9.866553842648971562e-02
7.432774471925490678e-01 -6.218254109425948029e-01 -2.467221003497670762e-01
-4.911023968236879478e-01 8.691270420253359719e-01 -5.862269743298054864e-02
-4.259666243738195468e-01 6.010442504587297785e-01 -6.762383040837579573e-01
-3.804539972888800747e-01 -6.537953539894101329e-01 -6.540691026556557652e-01
-7.059516701217769530e-01 -5.737995875540106150e-01 -4.151942590825661861e-01
8.572109318465770400e-02 -8.062506399125934919e-02 -9.930516065339366483e-01
-8.890917903033216385e-01 -2.174248434472700608e-01 -4.027930310558568427e-01
-9.344307543223582257e-01 -3.357201284715765066e-01 -1.188745587397770920e-01
-9.708976942428555468e-01 1.723900790635352065e-01 -1.662507983571047121e-01
1.455202317276395596e-01 9.303722175466661026e-01 -3.364987354734529923e-01
7.428587298607739475e-01 -1.444406179518006594e-01 -6.536802087835761332e-01
7.676439453260907042e-01 -6.270517944208804373e-01 -1.323964513034536494e-01
5.746329588139943434e-01 -6.425936368029673273e-01 -5.068238161185900648e-01
8.590255144361185202e-01 -4.472864089346450522e-01 -2.490181397611652137e-01
9.904450842699695778e-01 -6.355737434782769701e-02 -1.223887054080685793e-01
7.386671033520625373e-01 5.027539353877321648e-01 -4.490093438644917612e-01
8.247137308999475946e-01 5.174936188732622844e-01 -2.281394671917676975e-01
4.672967403212385795e-01 -8.032024042964366339e-01 -3.694585960802216906e-01
-2.388262388796889846e-01 6.701467826515705717e-01 -7.027555174627447832e-01
-4.510771191957241300e-01 -8.969924238720573817e-02 -8.879659218986096780e-01
-2.490390746782258913e-01 7.477009524733174706e-01 -6.155670759177320761e-01
1.181439228511610429e-01 9.840772601988505563e-01 -1.327929194379833533e-01
-9.031425511705795106e-01 1.715391192024409706e-01 -3.935833620065106730e-01
7.512536434504684113e-01 6.016706229154078489e-01 -2.713124116640841521e-01
3.307373071371639828e-01 -3.136345568274764850e-01 -8.900821301606327562e-01
5.202416216780095942e-02 8.160675439041998880e-01 -5.756103285530107527e-01
-2.560071176781165692e-01 -8.420564791408239325e-01 -4.747644064534558006e-01
-7.116947364272911691e-02 -9.647519903235030059e-01 -2.533545010222956195e-01
-3.087571379767208857e-01 -7.333927724372973911e-01 -6.056435181566452997e-01
3.823765069105163894e-01 -4.923676825451110961e-01 -7.818965866072496995e-01
-7.769252181083541320e-01 -8.495161177625155241e-03 -6.295355730249503345e-01
-5.377922617418015028e-01 -7.385866549427300143e-01 -4.065331921887144206e-01
-6.091072622822465421e-01 6.848481513151446695e-03 -7.930582836942001723e-01
1.867307033649799886e-01 -4.554842868625332830e-01 -8.704399513132133892e-01
4.867771821282890210e-01 -4.518031069321653548e-01 -7.476108128737070091e-01
8.467662056448242991e-01 -3.298355691991500804e-01 -4.173673325368671971e-01
4.640174896877695132e-01 -1.606829392434055148e-01 -8.711307377770346472e-01
-8.427513032635763901e-01 4.793141862024246080e-01 -2.450064320638357662e-01
-7.764566770199541335e-01 1.962153761611309388e-01 -5.988443494507371678e-01
-8.806729359981159133e-01 -3.214008567266813388e-01 -3.480182022478331416e-01
-6.152921373104164315e-01 6.634423976615341223e-01 -4.257461341563708590e-01
-6.616954735906820373e-01 1.105276403670152618e-01 -7.415812436574314992e-01
4.485984919453180342e-01 2.922770456559611874e-01 -8.445907420798605125e-01
8.150973077439910286e-01 1.083653436940478082e-01 -5.690987007493237826e-01
4.562878936906048649e-02 -5.813752671129838179e-01 -8.123551023844317598e-01
-1.095614835895189071e-01 -7.731183630642693982e-01 -6.247273629404175299e-01
1.957153350378660894e-01 -7.071334145919199177e-01 -6.794540761512787297e-01
-2.532376360057800868e-01 8.158262792161622423e-01 -5.199020887152854264e-01
9.340622074875435388e-01 -2.592663467110520870e-01 -2.455784070446786482e-01
6.832700729223554204e-01 1.726437627181401369e-01 -7.094618655313347233e-01
9.588677547236437171e-01 1.404618182586987174e-01 -2.466639547293009160e-01
4.297173261708056025e-01 7.972588211242841449e-01 -4.239355985620106848e-01
-1.324527409378675191e-01 -4.324439212472555027e-01 -8.918792106526217678e-01
4.318334231491542385e-01 5.088641221677165927e-01 -7.446994023240267602e-01
-5.817459015050865379e-01 -7.844766364365881595e-01 -2.148676638472416522e-01
-5.254235001652063364e-01 7.967159179619242027e-01 -2.986199784680048097e-01
3.615226755131488723e-01 -9.272617065878305809e-01 -9.740165596969355133e-02
8.854240030845947906e-01 4.296569423703986979e-01 -1.772547506685545615e-01
-1.434421265471297613e-01 9.538983659563001760e-01 -2.636328199552126494e-01
7.743209973008779480e-03 9.427007440477768174e-01 -3.335496213025612722e-01
-2.996847186892273585e-01 2.206064256827368897e-01 -9.281820265075411136e-01
9.226692998189380823e-01 1.340096026964049947e-01 -3.615560669616572076e-01
7.561113331635134216e-01 4.060756270291982495e-01 -5.132233792361157176e-01
3.065894384346928847e-01 -9.486650787458217673e-03 -9.517945785184618313e-01
-4.158264662891925645e-01 8.978911284172241825e-01 -1.444986901085500430e-01
4.958732331967374285e-01 -4.759179250520237381e-02 -8.670898211172565206e-01
-8.271882340778220488e-01 -2.096428673683561894e-01 -5.213535207177449893e-01
3.572984745509663607e-01 2.449200510334875180e-01 -9.013057021262577129e-01
6.907775875844133218e-01 2.830214817966441032e-01 -6.653759578859834711e-01
-6.976565929374834996e-01 2.090127593415465335e-01 -6.852656016197625766e-01
-1.499712499091112317e-01 9.152992406284826687e-01 -3.738126861218353247e-01
-9.566968158292662450e-01 2.721433696437745575e-01 -1.032917660855640768e-01
5.673715539149731812e-01 -7.529715823593801094e-01 -3.333516401149392294e-01
-6.954131352773715857e-01 -7.182713467288042164e-01 -2.206453607230307243e-02
8.601497931694258858e-02 -9.031384619834043059e-01 -4.206451495255315032e-01
-6.337415924402327594e-01 -5.843511444879594396e-01 -5.068582976995937850e-01
1.220868119489550672e-02 6.157830478192378720e-01 -7.878211637941263668e-01
1.773290478604066245e-01 9.836902385915297087e-01 -3.013176537578035608e-02
5.357015202607463555e-01 -2.311103163916724268e-01 -8.121649480540674704e-01
-5.320850665426110071e-01 7.432680495489096817e-01 -4.055096650908638356e-01
4.225105159289592183e-01 3.482694288270592881e-02 -9.056886595176564247e-01
6.709480968750972663e-01 4.379622176430611469e-02 -7.402097961111138158e-01
3.307073323882183669e-01 5.685988421500376422e-01 -7.532118008968692324e-01
8.552112742933333234e-01 4.261581504712237956e-01 -2.949625520443550641e-01
-6.977869844155540902e-01 -6.424169339488147168e-01 -3.168498182989084033e-01
2.607188631257981726e-01 1.944339720395501792e-01 -9.456326479808714325e-01
8.115573748959369338e-01 4.193568630576917644e-01 -4.068346699316913728e-01
3.487889798205305869e-01 -5.914385983167268490e-01 -7.270121264304324482e-01
6.577620463745803558e-01 7.482277375105437223e-01 -8.662761204706775908e-02
2.907120079552569236e-01 -9.019123625873805006e-01 -3.194379730756382596e-01
1.125613603116477346e-01 3.353369304075100310e-02 -9.930787640443431430e-01
-2.117594265250799246e-01 5.875554644383870206e-01 -7.809843285792363865e-01
-3.497583413428412280e-01 7.551118805920531418e-01 -5.545044187829681892e-01
3.608807264161898454e-01 -8.426323931543253654e-01 -3.996695526411007116e-01
-7.613401293173591711e-01 6.477267604074845586e-01 -2.848247431407537750e-02
-5.497549172386477778e-01 -4.924686634576213029e-01 -6.747178273057498066e-01
-6.461757547349914477e-01 -1.004627707400040232e-01 -7.565475039202136376e-01
-4.722198400621898662e-01 -6.611177830906722619e-01 -5.830366193755883719e-01
2.250756473591196405e-01 6.200917706531805518e-01 -7.515498313046691248e-01
-9.711665197374348413e-01 7.208274683454679588e-02 -2.272436325837653981e-01
9.696498714714215650e-01 -5.872834733787504063e-02 -2.373396468658734160e-01
-2.054235446656871300e-01 9.761487216059387961e-01 -7.024842065182497486e-02
-7.488915444906986130e-01 6.465940083159226193e-01 -1.451814141007194414e-01
-8.273098061998394037e-01 -5.145406874788889251e-01 -2.254026741064457939e-01
-3.424422605489487181e-01 6.805935504368574307e-01 -6.477080494280417211e-01
9.529982569504649170e-01 2.399554264884511401e-01 -1.849749051847876524e-01
-1.214253883733746459e-01 9.809553768693870524e-01 -1.515995502942342754e-01
-9.683990682393237570e-01 -2.420568993147448056e-01 6.009743860882208605e-02
-1.146175055787682501e-01 6.486118341528449571e-01 -7.524397092204686555e-01
2.524487162554740483e-01 4.198583289302528221e-01 -8.717732671336387851e-01
1.609960375979802849e-01 -8.520780762331551239e-01 -4.980393838649260219e-01
4.703606662539742077e-04 -9.930066256833675054e-01 1.180576982232670186e-01
5.126169341681641178e-01 5.426087047892990123e-01 -6.654319441467411167e-01
-6.092636086176485000e-01 -3.036206340459659536e-01 -7.325383032959617013e-01
-4.671798517405243434e-01 -5.763815645080858641e-01 -6.704679546577249072e-01
-9.847094374123689375e-01 -3.227476668576621799e-02 -1.711889695815569101e-01
-2.978207915908676062e-01 3.252925661908054322e-02 -9.540674103856597865e-01
-6.745437785203144410e-01 -2.058386248201972413e-01 -7.089577923908214618e-01
-7.106883000611681211e-01 7.007009126774292884e-01 6.277237552605964555e-02
8.729906210420493862e-01 3.297953576008502141e-01 -3.593360511798727175e-01
3.924637730707963290e-01 -8.017867995284208571e-02 -9.162661000539386036e-01
3.906891619487812967e-02 5.213814968027723484e-01 -8.524288560220485422e-01
9.977674054256517877e-01 -6.655239286589821612e-02 -5.566298050435260041e-03
2.437331851708718702e-02 1.142101410396330063e-01 -9.931575831801173759e-01
9.821017750667805357e-01 1.436245501849947870e-01 -1.218527471780462279e-01
2.987880554510602971e-01 -4.216246644507010699e-01 -8.561298617888573048e-01
5.873420257152529578e-01 -1.452296328109934677e-03 -8.093375288864829153e-01
-4.021105618742311094e-01 5.120140816205087653e-01 -7.590445812015900184e-01
4.425682794225084815e-01 4.049107846421041157e-01 -8.001128511213377870e-01
9.546805093766800310e-01 -2.675926038343169888e-01 -1.303047327975972725e-01
-9.176346588662694093e-02 1.299413154498650358e-01 -9.872662867066982484e-01
-6.281114996976578935e-01 -6.615970651893784416e-01 -4.095915859491751077e-01
-1.521278442274078269e-01 3.985598165146289062e-01 -9.044375001461112396e-01
-9.578922051427454232e-01 -2.822028884884544842e-02 -2.857378844746636948e-01
8.862000764753178439e-01 -4.630705548141421102e-01 -1.466580100994524169e-02
-6.928940426272877096e-01 6.354114275764664033e-01 -3.408081034788509323e-01
5.273939034879259191e-01 4.418722406831781524e-01 -7.256752672355560874e-01
-4.444886903070721651e-02 -5.056077881654570394e-01 -8.616177009488171779e-01
-4.445039670385136366e-01 3.261235124055825163e-01 -8.343019105475366626e-01
-7.087945516091054277e-01 -4.951251150382315336e-01 -5.024553752002511864e-01
-5.020130902949984097e-01 5.121559674839432086e-01 -6.969068245777565451e-01
3.096432947489552445e-01 9.260486093036972566e-01 -2.157660845075050626e-01
-5.145015909285773903e-01 -2.989751487677448361e-01 -8.036802681111858693e-01
4.173989533833358245e-01 -6.475829831879537091e-01 -6.375063871051694919e-01
7.899083789588388083e-01 -5.314227123789965201e-01 -3.059978000221078576e-01
1.356845424892272889e-01 1.472796814767145801e-01 -9.797440483889691132e-01
-4.416075085250155130e-01 8.129569413174942971e-01 -3.795837456715349112e-01
8.476775705409729245e-01 5.187976843753334677e-01 -1.108679353489805813e-01
-7.333106912168003699e-01 -6.688941846053669815e-01 -1.218031196162878138e-01
-5.942492404165680142e-01 5.073566167349521372e-01 -6.240649835710979643e-01
8.161649892903559411e-02 9.662911111091803118e-01 -2.441725531134746885e-01
-4.405108583509227405e-01 6.833044290635553741e-01 -5.822759147492381215e-01
1.229530184629161887e-01 -6.481045759766242975e-01 -7.515603860296375949e-01
-3.358655184077199984e-01 -8.573158028368523809e-01 -3.901332692182463147e-01
-6.425509815732475261e-01 -7.569875198310165310e-01 -1.187355502759917941e-01
-5.525677663127424033e-01 -6.677507626692785747e-01 -4.987762851086078864e-01
6.481774322522106946e-01 -4.468117028136194269e-01 -6.166241306888050611e-01
-8.522700340330179314e-01 -1.912653022579995435e-02 -5.227522978724051805e-01
-2.662891033632286963e-01 -9.461925927317254015e-01 -1.838741169649034668e-01
-2.520085683770546536e-01 8.735686815086192158e-01 -4.163765605216510068e-01
2.116498825485936264e-01 8.818018749084980401e-01 -4.214614817809855252e-01
1.468145710768171130e-01 4.732807622528077962e-01 -8.685912743062362829e-01
3.276176020746755513e-01 -9.212255106536464400e-01 -2.097862372315397461e-01
-5.316519600822209313e-01 6.779907759025669556e-01 -5.076166872077471082e-01
5.044694560626531432e-01 -8.236168344400244257e-01 -2.591638052021237315e-01
-7.759210270166408963e-01 -4.013685754650942461e-01 -4.866721961059233270e-01
7.038516421691725089e-01 -4.843700923270301550e-01 -5.195945337230400973e-01
-1.897655441030182411e-01 -9.428898564107731639e-01 -2.737658798114862013e-01
-6.093338136453172460e-01 2.175519310603220291e-01 -7.624850561423343054e-01
-8.327921047397746079e-01 5.483978667678065522e-01 7.561144098359384724e-02
9.131121536441589859e-01 -3.605674549408069973e-01 -1.903084478020745929e-01
7.044592200430094264e-01 6.858069713190096950e-01 -1.827730980933510718e-01
9.277690393277401304e-01 -3.704257675671728256e-01 4.504842269328852150e-02
-7.715990380228017198e-01 -3.069560500343054277e-01 -5.571471151048202897e-01
-3.045655141159147039e-01 -9.078348803994712446e-01 -2.882285161835768661e-01
-2.255398273600848214e-01 -5.770991063340372845e-02 -9.725231886639349455e-01
1.097790839273228569e-01 6.631104820593252125e-01 -7.404276070725126502e-01
-5.125246535951646365e-01 2.238294215507333207e-01 -8.289866521877301553e-01
-1.444680680394403449e-01 -1.427384425944156765e-01 -9.791602087108485231e-01
5.608849488724024779e-01 -8.274671831885160866e-01 -2.657319842369913060e-02
-6.940736700159087780e-02 -8.403503461872929847e-01 -5.375815408557136355e-01
7.432677053211971252e-01 -2.568841530494610503e-01 -6.177083860031552520e-01
8.860065057840370573e-01 -3.486151700550584875e-01 -3.057121765907332422e-01
1.721971435678935902e-01 -9.841111435607018398e-01 -4.328280104967687641e-02
-9.840989404892136472e-01 1.705274111757681954e-01 -4.969584857609002371e-02
2.558406651182250358e-02 -3.027919132061695495e-01 -9.527132374632285572e-01
-5.139584803099602750e-01 -8.000944211030590614e-01 -3.093470507977033046e-01
9.010965577133465132e-01 4.296944917120306684e-01 -5.820341458623472242e-02
2.446092883909910531e-01 9.616427233507833794e-01 -1.241352837002503706e-01
-2.669314527418849003e-01 -5.514965651937085989e-01 -7.903158470615709863e-01
5.621787232248776078e-01 6.569016243775405162e-01 -5.024294368798419841e-01
1.396384622590059466e-01 -7.909542862601204316e-01 -5.957284758215639631e-01
-4.555422320789310753e-01 -4.860753053666898582e-01 -7.457962672910239954e-01
-7.306134053421838859e-01 -1.070600740511686855e-01 -6.743457514350157389e-01
-4.122759971801466250e-01 -2.874882731424863169e-01 -8.645108414326952984e-01
-9.372040689881729891e-01 2.719360807489439869e-01 -2.184016965568622293e-01
9.979087142687558254e-01 3.589293263925115440e-02 5.375774709781613175e-02
4.975174565139770660e-02 4.178302527081060314e-01 -9.071618619224018909e-01
-4.123226453533516689e-01 -8.601156682210467919e-01 -3.003182868382749393e-01
-8.909646565481989244e-02 9.952204607335862763e-01 -3.997567191489875132e-02
-7.208368910113804873e-01 3.066658046099179358e-01 -6.215708011481869688e-01
1.980714953236063780e-01 -4.592244314693524204e-02 -9.791112357417246503e-01
3.920789305788043855e-01 -9.197446840256601197e-01 1.854261046130827387e-02
-9.692806719938367177e-01 -2.387952171596132711e-01 -5.892217885371753283e-02
9.971237491729557645e-01 3.938956156791596080e-02 -6.475099439202323948e-02
-8.356758706318452301e-01 -3.064639795843132619e-01 -4.557693149621340201e-01
2.601253397161949477e-01 3.101111153387647312e-01 -9.144210757527855282e-01
8.136753554567369151e-02 7.446088521682836525e-01 -6.625231931274969677e-01
6.531211124560272197e-01 5.839870833644004167e-01 -4.820704294268029488e-01
-7.405744616054847906e-01 3.960835089315743462e-01 -5.428326821131884694e-01
2.725284586384653096e-01 -5.248695282298678766e-01 -8.063747376796337463e-01
8.644883575313108137e-01 -1.007877749419881230e-01 -4.924446203534562638e-01
5.652013189001845461e-01 8.191661763725254231e-01 -9.754098933632225632e-02
-5.105708136539923725e-01 8.396123312586268872e-01 -1.853876410205223535e-01
3.335595280542051344e-01 1.038046634945708202e-01 -9.369966024917245617e-01
8.154251289379745027e-02 -7.307767295394730356e-01 -6.777286995210964893e-01
-5.847035219239928860e-01 -2.005747560688512787e-01 -7.860607856124102177e-01
5.708003019654206422e-01 -1.193737659255553057e-01 -8.123650160395481379e-01
7.888482242812949047e-03 -6.688430622075467458e-01 -7.433617759777110257e-01
8.257510207489252574e-01 -4.335568406058459279e-01 -3.607820917063165878e-01
7.370904405796104841e-01 -2.905097686439197732e-02 -6.751694032977059168e-01
-8.247843177898929179e-01 4.406381354847941911e-01 -3.543569707009374126e-01
4.208404983373774666e-01 -7.731274048803484789e-01 -4.745179562272910934e-01
5.561251795190589320e-01 -5.057995670059785009e-01 -6.594631018650392029e-01
-3.022408120022761213e-02 -8.968816360707785318e-01 -4.412367117484736201e-01
5.655409899001298535e-02 -1.932241864668450548e-01 -9.795233777974131639e-01
-7.598072540512577078e-01 -6.114566652090888121e-01 -2.209381887824463098e-01
-5.178415703035330747e-02 8.452790191220136418e-01 -5.318099105063596177e-01
8.245980667506452866e-01 2.158879776756497115e-01 -5.229057366354058489e-01
-3.638968018749006994e-01 1.237506891090818933e-01 -9.231819346858162190e-01
2.822817989468567323e-01 7.465617547953644628e-01 -6.024637186256052157e-01
6.169565664811552663e-01 7.619320221813299376e-01 -1.970385461031749497e-01
-1.578774221087676510e-01 -5.305742483695885525e-01 -8.328059116957180485e-01
6.012291271431144946e-01 -7.679088440466403931e-01 -2.209967056534578311e-01
-5.563201406485804856e-01 -5.804573677789758301e-01 -5.946235324134477862e-01
2.523039997319219685e-01 -2.387975095461538633e-01 -9.377198095133901790e-01
3.899973154480489979e-01 6.970852942943411845e-01 -6.016429060679486795e-01
-3.384456321065467121e-01 3.224345528539658834e-01 -8.840195208443437647e-01
-2.247282649188188097e-01 -9.713949022064274352e-01 -7.674080344863824787e-02
1.699755682646771904e-01 7.850904928383471981e-01 -5.956015650146843088e-01
2.815915269300189316e-01 -1.247568890233058808e-01 -9.513894736659886942e-01
-6.018648232331318404e-01 7.695327092217139064e-01 -2.134903838406785326e-01
9.557232349593564047e-01 2.354852227576814949e-01 1.764647500822419113e-01
-1.014667202601689106e-01 -6.952176020350387953e-01 -7.116017077693778115e-01
6.893667900651433422e-01 -7.020351453759223759e-01 -1.786619249092763761e-01
3.538263641437146556e-01 3.598027841607491784e-01 -8.633358909179049689e-01
4.648710400035735435e-01 8.791643145925635006e-01 -1.047140110633905663e-01
5.775130708234952337e-01 7.558090659765495101e-01 -3.085957044673050542e-01
-4.476124145895399309e-01 -8.883766134610361354e-01 -1.021279538658376590e-01
-9.838971208978285476e-01 -1.364146802390221735e-01 -1.154880535131186381e-01
-9.141516756230687601e-01 -3.301755704496985300e-01 -2.351824964442544852e-01
-3.144798958908854303e-01 9.436102503259483631e-01 -1.034509089387767589e-01
-3.803671485607577618e-01 -1.823020698257953320e-01 -9.066900173890685144e-01
6.241881657416366025e-01 6.692228629721065358e-01 -4.031499639383689937e-01
5.210883552459338874e-01 8.279007998186462824e-01 -2.074781715909728985e-01
2.244711761042641751e-01 7.148441949447173482e-02 -9.718552715646022744e-01
-4.861912689882775251e-01 -1.955526303488145656e-01 -8.516907999522057571e-01
4.557408128814812720e-01 -5.535469926152412068e-01 -6.970552621139509686e-01
8.124263580230722467e-03 -9.409739660645011217e-01 -3.383814290562085492e-01
-1.086456039815605623e-01 -9.273426626524502447e-01 -3.580945667838955626e-01
4.643600140076324934e-01 7.220580817559121289e-01 -5.128371125043543755e-01
1.600253868190032736e-01 -5.562458598122326237e-01 -8.154645418503360110e-01
-3.543585006804575999e-01 -4.738574364345172207e-01 -8.061570460717971676e-01
-8.593756175145608189e-01 -4.212894649587147766e-01 -2.898080998458585356e-01
-4.532929993677528580e-02 7.772204548717907002e-01 -6.275935142240784970e-01
-7.069494123074814285e-01 -4.020320511977363842e-01 -5.818872384301337908e-01
1.070532876403483963e-01 -3.812537386058156841e-01 -9.182511532279614697e-01
-1.756391292568994233e-02 2.222995257430705196e-01 -9.748202038412748793e-01
6.612023001925879662e-01 -1.893605743114626927e-01 -7.259160358584618722e-01
-2.193370720873752122e-01 -3.542434156287972979e-01 -9.090670224421193435e-01
-3.699894006993963425e-01 -5.673513156943374991e-01 -7.356767822556355974e-01
-7.528678651282241230e-01 4.770089594316377912e-01 -4.534891732767346029e-01
-3.031862846976244863e-01 -2.712721255561288403e-01 -9.135039740841365274e-01
-4.699011128673541426e-01 1.227513491500738796e-01 -8.741424657387711905e-01
9.224034569868738709e-01 2.368577721145929127e-01 -3.050741849576526499e-01
2.500779834916995736e-01 8.197337520376034581e-01 -5.152645708207366226e-01
1.996953863407741059e-01 7.074860082562889341e-01 -6.779272090687842311e-01
-4.074248313608140326e-01 1.585103078947920976e-02 -9.131011727150082358e-01
3.597370409464512031e-01 7.764368654727475949e-01 -5.174312082837155824e-01
7.584495879569921328e-01 1.972815879469567435e-01 -6.211555341337594571e-01
9.336481832260193903e-01 3.368170429286991840e-01 -1.218825235688858200e-01
6.050667354474598136e-01 -2.914099048289841010e-01 -7.409281429548455478e-01
-4.443248983813511965e-01 7.539503341114793811e-01 -4.838742381772258017e-01
1.376911928780107930e-01 -9.780394388461033373e-01 -1.564608304510420878e-01
2.369342606266403584e-01 -6.204139076728010238e-01 -7.476287443025932955e-01
-3.524914181331118557e-01 -7.851968639434476760e-01 -5.091322863420495448e-01
4.139821045053855841e-01 6.068024121839710183e-01 -6.785349288850250904e-01
7.623329581324376214e-01 3.039222434683674923e-01 -5.713840484912066087e-01
8.792424069910510509e-01 -4.573997121885103323e-01 -1.331100786509078759e-01
-6.351349560868142508e-01 -4.938672951403427769e-01 -5.938844015019775213e-01
-3.376197303184937104e-02 9.729606713399706619e-01 -2.284899586473553845e-01
-6.483011967526310926e-01 7.612448269802830625e-01 -1.455581275178962838e-02
7.069176542441922562e-02 9.029122687893709198e-01 -4.239718259163098857e-01
-3.321404498196717792e-01 -3.747199811202958641e-01 -8.656024822877942393e-01
5.306640028857185776e-01 7.384485936932687622e-01 -4.160401308933306397e-01
2.497236479428249778e-01 -8.703281590802748324e-01 -4.244608287817237535e-01
6.140002624327999328e-03 -7.908472058927789039e-01 -6.119828406902907414e-01
-2.124696131835920598e-01 -7.924815873282321510e-01 -5.716901234229433415e-01
-2.851067717372197663e-01 9.583957917605610000e-01 1.384323102560339538e-02
7.457885652254381270e-01 8.666928701816584146e-02 -6.605208934369489748e-01
1.399776394650875389e-01 -2.728876155848350971e-01 -9.518080739887665453e-01
-4.764728230362230144e-01 4.212531898026148913e-01 -7.716990339432946433e-01
-6.094255382019608813e-01 5.914433876956846081e-01 -5.280106367662517064e-01
-3.726821255658163135e-01 4.203031694304855126e-01 -8.273169157284491204e-01
3.228915548588229267e-01 8.452653833694875329e-01 -4.257551825616276431e-01
-2.463738957146351105e-01 -4.555252562195025168e-01 -8.554511350489580890e-01
7.877724346937420297e-01 5.133613093876830957e-01 -3.404038148441605460e-01
9.112245729150333373e-01 2.783075310584829168e-02 -4.109686446645005597e-01
6.770753919642999996e-01 4.898004738909654820e-01 -5.492398468543365775e-01
3.581717554896686195e-01 9.271492415019073619e-01 -1.100330748088368948e-01
-2.266150633506136824e-01 -8.985978957545536217e-01 -3.757225503055223736e-01
8.575210932206943637e-01 1.419554610654409632e-02 -5.142529155506289085e-01
8.745556245802098561e-01 1.228896531582772539e-01 -4.690955048407067229e-01
6.150023290081925165e-01 3.670579252604936338e-01 -6.978829520900771133e-01
-8.850657433189680345e-01 3.743802941708866960e-01 -2.765827639961732087e-01
-4.723918382498738106e-02 9.019563289666228112e-01 -4.292356464095243851e-01
-4.396817906368766238e-01 -8.039408354599338891e-01 -4.004485685607247492e-01
4.300137400867481974e-01 1.529456833851987330e-01 -8.897728930858935792e-01
7.311552078425122003e-01 -3.796745355529654309e-01 -5.667974145119337726e-01
9.010437763117780108e-01 -2.450622813739010974e-01 -3.578611342652752159e-01
-9.299628833640376513e-01 -1.240437654020621477e-01 -3.460956223793121289e-01
7.091145656829318522e-01 -6.075128730704392188e-01 -3.578891473487389452e-01
4.348159742472772482e-01 -8.823985043735689260e-01 -1.797441181754771966e-01
2.204906979686694635e-01 -3.496464027324308610e-01 -9.105664419280780075e-01
9.171682860479704047e-01 -8.690602354307115640e-02 -3.889083158531834727e-01
4.075774359388199541e-01 -3.862613091634308771e-01 -8.274556391474345851e-01
-8.313042653306716989e-01 5.542933821161960539e-01 -4.113471751721432118e-02
6.715672022238839967e-01 -3.396161294753766158e-01 -6.585274310895098404e-01
9.822435186840401400e-01 4.362322088953524829e-02 -1.824683112280551522e-01
-9.412480802356260057e-01 -3.377114694899177594e-01 -1.736325922441619334e-03
5.206305513131702645e-01 2.000386411739283055e-01 -8.300170908340579468e-01
8.001881532661498930e-01 -2.962813613824100689e-01 -5.214559178587336863e-01
7.099132549878673926e-01 5.929722751601353981e-01 -3.800092778919269554e-01
-1.456426600664370019e-01 -8.772222404629419490e-01 -4.574596773552273010e-01
-4.314190148921268619e-01 8.613114217344222112e-01 -2.683659225373723478e-01
-5.216009634993222788e-01 5.998499064757100152e-01 -6.067227740720307905e-01
-7.625737779789055759e-01 5.408828711489684915e-01 -3.548618785339263670e-01
2.615624132397067481e-01 9.104204718994168832e-01 -3.204990925520133094e-01
-4.586885407237183410e-01 -7.377749140134159944e-01 -4.952706319389858503e-01
-8.063151692821219907e-01 -1.109651478779695444e-01 -5.809841510247619745e-01
9.901296840952386047e-01 1.401193590696075963e-01 -3.126321702154948815e-03
-5.693436482484726807e-02 4.630298764296296721e-01 -8.845121885172375631e-01
6.276368988738115773e-01 -7.713137870869911650e-01 -1.055791883923559715e-01
-3.504519148632637138e-01 8.193170194975969434e-01 -4.537654426355603454e-01
-1.511768778833766647e-01 -9.741760113091325612e-01 -1.677100193287903440e-01
-9.135954835139598051e-01 -2.421366353537255170e-02 -4.059026866147719126e-01
-6.131635298752693419e-01 7.212383854529363925e-01 -3.222509534200656001e-01
2.411851581579506631e-01 5.236052337186312133e-01 -8.171090984114556255e-01
5.204549251826243728e-01 -6.033072649024253664e-01 -6.042739568847093068e-01
-8.181833901971382605e-01 5.529425719509744042e-01 -1.575768134268451526e-01
-5.525950224309978953e-01 -9.431408474963408339e-02 -8.280963679441686320e-01
-5.357200925285653392e-01 -3.984317557847752433e-01 -7.444837932711809714e-01
8.082938384392163167e-01 -1.775470076748897341e-01 -5.613716512319539831e-01
-7.834867370972022904e-01 -6.208456230287114908e-01 -2.644324410639405792e-02
-1.425914530169975769e-01 7.282023670204967880e-01 -6.703648187310005113e-01
2.514777808583241181e-01 -9.594351158570720850e-01 -1.274487512488818031e-01
-1.806230948837233563e-01 -2.511962063119438926e-01 -9.509341530984743995e-01
-1.130853535756113498e-01 -2.997842295394052489e-02 -9.931329200886825914e-01
8.068110086891017163e-01 -6.269607848870679956e-02 -5.874735721717294634e-01
-2.948130749757795765e-01 5.082485942897083664e-01 -8.091777414300648230e-01
1.704264036524350823e-01 -1.605872674677564227e-01 -9.721967755888395457e-01
-8.997612815990960744e-01 -4.323671171179063744e-01 -5.906193503689820962e-02
-3.342137990223845168e-01 9.145709077917841823e-01 -2.277305231275272568e-01
-7.709661478477861651e-01 -5.499249432443028551e-01 -3.212378490628021166e-01
-8.845093669583558027e-01 7.581625253947388288e-02 -4.603206226249259569e-01
8.187183715902961456e-01 -5.410121501694002966e-01 -1.923696477867964383e-01
-8.099800312214067155e-01 3.754211774432953952e-01 -4.505455454775451618e-01
9.270974186399524308e-01 -3.676447171415062054e-01 -7.299135776979640000e-02
3.724774830408475457e-01 8.705759224512402694e-01 -3.214935269577398613e-01
-2.467409606465763017e-01 9.193531555665753752e-01 -3.064452213511985601e-01
5.838215003335135433e-01 -4.013904424834575102e-01 -7.057181933543015262e-01
-9.287970432604789606e-01 -2.283654535963582921e-01 -2.918651607066549136e-01
-6.105788526589881610e-02 -9.979632743075470547e-01 1.847262245096470065e-02
6.043993389527378968e-01 2.438770177158812724e-01 -7.584361801124082092e-01
-6.372140158283488010e-01 3.166653856013932344e-01 -7.026246021837193600e-01
-6.780112453112974169e-01 4.962987839537524315e-01 -5.422068500834807958e-01
6.670219396122125666e-01 -5.823178175912067100e-01 -4.647447594021646977e-01
3.671085166754656237e-01 -7.325935014544496804e-01 -5.731824304800773318e-01
5.490900963416857072e-01 8.285070737743501779e-01 1.098912863030626630e-01
5.167664062048058504e-01 8.259114571703049523e-02 -8.521333135532948022e-01
-3.784487010531362161e-01 -9.045415564373519013e-01 -1.964208577241401132e-01
1.627233723342554617e-01 2.570713634578983831e-01 -9.525940468982915244e-01
-2.632269048636768916e-01 -1.668895247324330422e-01 -9.501891827896544740e-01
-6.101012303982517038e-01 -7.275162965931336601e-01 -3.138415633053578402e-01
-1.776482027441025624e-01 -6.223655419630431673e-01 -7.623006285179344532e-01
1.769681527131219678e-01 -9.207041211157763749e-01 -3.478306977334386096e-01
-5.696657480928004613e-01 1.174003875333660685e-01 -8.134482678430666747e-01
1.562970885376337160e-01 3.676424178656534369e-01 -9.167389337758898860e-01
-8.447607370386289727e-01 1.769868411683637455e-01 -5.050296577540734910e-01
-8.179296211570949993e-01 8.323340961818821715e-02 -5.692656096736760096e-01
-7.614857404507520133e-01 5.973732550951971199e-01 -2.515644275074248593e-01
5.657388686159044167e-02 -9.957616752280248340e-01 -7.251262974440882136e-02
8.793289764701651690e-01 2.283857828676559010e-01 -4.178761602722266821e-01
4.004322906880030675e-01 -8.686626262958958566e-01 -2.916834281392678418e-01
8.236214842676260472e-01 3.199098450550731942e-01 -4.683004822650001508e-01
-9.913413485619108068e-01 6.934836662582405387e-02 -1.115039670943694938e-01
2.932934037790786430e-01 9.558733484981999373e-01 -1.688552428919447984e-02
8.507135987089760043e-01 5.255915819645058384e-01 6.313631258752902889e-03
-7.551997195679701624e-01 -2.094199379406441186e-01 -6.211414276615236929e-01
4.741476258941801358e-01 -6.930095870927904800e-01 -5.430669765842816021e-01
5.094028798928315060e-01 8.605224130191060361e-01 3.143668027119142939e-03
6.057456651952779492e-01 4.705034163112587486e-01 -6.416375334537128827e-01
7.202773217514885085e-02 -4.838329115325890051e-01 -8.721913319424832167e-01
-3.457957833396495539e-01 8.718130583935108646e-01 -3.469398614155929650e-01
-1.238100138074492290e-01 2.684394634298006288e-01 -9.553069323283066572e-01
1.346778306645628753e-01 5.724500898444642161e-01 -8.088032990564220093e-01
-9.636528343048307299e-01 -1.323489364468235230e-01 -2.320710536832650273e-01
3.443948440970937552e-01 4.676799408743984032e-01 -8.140440186274067180e-01
6.212054142243980115e-01 -6.725079502907853612e-01 -4.022895600608853983e-01
5.818577022306051227e-02 3.084747033818996398e-01 -9.494513012877481284e-01
-1.508279716920141178e-01 8.015021978906560207e-01 -5.786580594200003702e-01
-7.447590549406624127e-01 1.006382302206973445e-01 -6.597013693345932239e-01
5.337227375172407529e-01 3.353631751215115364e-01 -7.763192514871191108e-01
5.246498551608965721e-01 -7.280036647559671170e-01 -4.413085015967079250e-01
1.968362380056822014e-01 9.527403179608608941e-01 -2.313901076960899195e-01
3.379427246422626596e-01 9.367948988556125123e-01 9.060922877646934714e-02
